Experience Name: 20170814 200ppbv BTEX 0.2min3
Operator Name: 
Start time: 8/14/2017 2:32:20 PM 8/14/2017 2:32:20 PM
Sampling/Pumping time: 12
Waiting time: 20
Lowest Temperature: 50
Low holding time: 0.5
Temperature 1: 80
Temp1 holding time: 0.5
Ramping speed 1: 15
Temperature2: 80
Temp2 holding time: 0.5
Ramping speed 2: 30.0
Time,PID1,PID2,Temp,Setpoint,pressure,pwm%

0.06399918,102.05715179,0.00000000,50.40259552,50.00000000,9.75082206,0.00000000
0.15999984,101.43238830,0.00000000,50.36235046,50.00000000,9.75045585,0.00000000
0.25600051,101.75891113,0.00000000,50.39837646,50.00000000,9.75063133,0.00000000
0.35200119,101.77715301,0.00000000,50.32193756,50.00000000,9.75022697,0.00000000
0.44800186,101.23505401,0.00000000,50.38461685,50.00000000,9.75056266,0.00000000
0.54399871,101.66880798,0.00000000,50.33450317,50.00000000,9.75023365,0.00000000
0.63999938,101.30094146,0.00000000,50.31755065,50.00000000,9.75075721,0.00000000
0.73600006,101.56273651,0.00000000,50.33123779,50.00000000,9.75036430,0.00000000
0.83200073,101.51686096,0.00000000,50.29463958,50.00000000,9.75196266,0.00000000
0.92800140,104.47322082,0.00000000,50.28794097,50.00000000,9.75107383,0.00000000
1.02399826,101.69882202,0.00000000,50.26626586,50.00000000,9.75235176,0.00000000
1.11999893,102.43524932,0.00000000,50.20246505,50.00000000,9.75105285,0.00000000
1.21599960,101.59039306,0.00000000,50.22664260,50.00000000,9.75232219,0.00000000
1.31200027,101.26348114,0.00000000,50.20408630,50.00000000,9.75101757,0.00000000
1.40800094,101.44533538,0.00000000,50.24626541,50.00000000,9.75170612,0.00000000
1.50400161,101.15132904,0.00000000,50.19305038,50.00000000,9.75104331,0.00000000
1.59999847,102.32884979,0.00000000,50.19521713,50.00000000,9.75151538,0.00000000
1.69599914,101.14379882,0.00000000,50.14679718,50.00000000,9.75103187,0.00000000
1.79199981,103.85785675,0.00000000,50.16613006,50.00000000,9.75091743,0.00000000
1.88800048,101.35543060,0.00000000,50.12440872,50.00000000,9.75077533,0.00000000
1.98400115,105.52246093,0.00000000,50.13585281,50.00000000,9.75105667,0.00000000
2.08000183,101.27953338,0.00000000,50.09844589,50.00000000,9.75080776,0.00000000
2.17599868,107.04316711,0.00000000,50.08852767,50.00000000,9.75101852,0.00000000
2.27199935,101.16416931,0.00000000,50.07858276,50.00000000,9.75116252,0.00000000
2.36800003,105.44691467,0.00000000,50.03607559,50.00000000,9.75107383,0.00000000
2.46400070,101.06632232,0.00000000,50.04570770,50.00000000,9.75191593,0.00000000
2.56000137,103.86524963,0.00000000,50.03130722,50.00000000,9.75091266,0.00000000
2.65599822,101.05455017,0.00000000,50.04918670,50.00000000,9.75229358,0.00000000
2.75199890,102.41539764,0.00000000,49.97773361,50.00000000,9.75069236,22.14204978
2.84799957,100.82879638,0.00000000,50.00534057,50.00000000,9.75220584,0.00000000
2.94400024,101.21831512,0.00000000,49.98328781,50.00000000,9.75064277,22.14072418
3.04000091,100.59713745,0.00000000,49.99513626,50.00000000,9.75178432,22.13731575
3.13600158,100.98803710,0.00000000,50.00539016,50.00000000,9.75069904,0.00000000
3.23199844,101.50306701,0.00000000,49.99613952,50.00000000,9.75127506,22.13696861
3.32799911,100.85490417,0.00000000,47.46432495,50.00000000,9.75075435,22.97258186
3.42399978,103.49772644,0.00000000,49.96631240,50.00000000,9.75101757,22.22299766
3.52000045,101.06588745,0.00000000,50.02684783,50.00000000,9.75043296,0.00000000
3.61600112,104.90429687,0.00000000,50.01721572,50.00000000,9.75081539,0.00000000
3.71200180,100.73156738,0.00000000,50.03180694,50.00000000,9.75102424,0.00000000
3.80799865,107.21385955,0.00000000,50.01959991,50.00000000,9.75056266,0.00000000
3.90399932,100.36334991,0.00000000,50.02188873,50.00000000,9.75143337,0.00000000
4.00000000,105.61765289,0.00000000,50.01106262,50.00000000,9.75059700,0.00000000
4.09600067,100.38183593,0.00000000,50.00641632,50.00000000,9.75187301,0.00000000
4.19200134,103.77621459,0.00000000,49.97081756,50.00000000,9.75099849,22.21847343
4.28799819,100.41294860,0.00000000,49.97060394,50.00000000,9.75214576,22.21941947
4.38399887,101.60116577,0.00000000,50.00565338,50.00000000,9.75098037,0.00000000
4.47999954,100.58064270,0.00000000,49.99611663,50.00000000,9.75188159,22.21171379
4.57600021,100.45015716,0.00000000,50.02489089,50.00000000,9.75107574,0.00000000
4.67200088,100.56894683,0.00000000,50.00753402,50.00000000,9.75168323,0.00000000
4.76800155,100.40065765,0.00000000,49.98753356,50.00000000,9.75059890,22.21368789
4.86399841,100.81017303,0.00000000,49.99959564,50.00000000,9.75133705,22.21008300
4.95999908,100.50066375,0.00000000,47.48680877,50.00000000,9.75078296,23.03931427
5.05599975,103.31314849,0.00000000,50.02844619,50.00000000,9.75079059,0.00000000
5.15200042,100.42470550,0.00000000,50.01056289,50.00000000,9.75110149,0.00000000
5.24800109,105.09359741,0.00000000,50.02653884,50.00000000,9.75073909,0.00000000
5.34400177,100.04360198,0.00000000,50.03285598,50.00000000,9.75119590,0.00000000
5.43999862,106.84362792,0.00000000,50.05545806,50.00000000,9.75063991,0.00000000
5.53599929,100.10638427,0.00000000,50.01571273,50.00000000,9.75150299,0.00000000
5.63199996,105.18086242,0.00000000,50.02665710,50.00000000,9.75109767,0.00000000
5.72800064,100.27062225,0.00000000,50.02262878,50.00000000,9.75192832,0.00000000
5.82400131,100.01146697,0.00000000,50.00636672,50.00000000,9.75104522,0.00000000
5.91999816,100.41735076,0.00000000,49.98803329,50.00000000,9.75085353,22.28254699
6.01599884,100.00739288,0.00000000,49.97525405,50.00000000,9.75108051,22.28712272
6.11199951,100.31015014,0.00000000,50.03476333,50.00000000,9.75076580,0.00000000
6.20800018,100.00024414,0.00000000,50.02036285,50.00000000,9.75109386,0.00000000
6.30400085,100.28087615,0.00000000,50.00581741,50.00000000,9.75099563,0.00000000
6.40000152,100.13874053,0.00000000,50.00279235,50.00000000,9.75081348,0.00000000
6.49599838,100.23767089,0.00000000,50.02231597,50.00000000,9.75111293,0.00000000
6.59199905,100.34617614,0.00000000,49.98600769,50.00000000,9.75058937,22.28173828
6.68799972,100.16463470,0.00000000,49.93937301,50.00000000,9.75120353,22.29754829
6.78400039,100.50207519,0.00000000,49.98107147,50.00000000,9.75042533,22.28560638
6.88000106,99.89671325,0.00000000,50.00350570,50.00000000,9.75048828,0.00000000
6.97600173,100.21340942,0.00000000,50.00324249,50.00000000,9.75098896,0.00000000
7.07199859,100.38575744,0.00000000,50.00117111,50.00000000,9.75081920,0.00000000
7.16799926,100.08219146,0.00000000,50.00689315,50.00000000,9.75114727,0.00000000
7.26399993,100.18400573,0.00000000,49.99203872,50.00000000,9.75071144,22.28211212
7.36000061,99.85745239,0.00000000,50.02808761,50.00000000,9.75099468,0.00000000
7.45600128,100.17984008,0.00000000,49.98226165,50.00000000,9.75108814,22.28473472
7.55199813,100.18750762,0.00000000,49.99046325,50.00000000,9.75106143,22.28256034
7.64799880,100.09166717,0.00000000,50.04775619,50.00000000,9.75112342,0.00000000
7.74399948,100.11077880,0.00000000,50.06694793,50.00000000,9.75085544,0.00000000
7.84000015,99.76863861,0.00000000,50.07123947,50.00000000,9.75101661,0.00000000
7.93600082,100.05711364,0.00000000,50.08883666,50.00000000,9.75096416,0.00000000
8.03200149,100.08394622,0.00000000,50.05521774,50.00000000,9.75108623,0.00000000
8.12799835,100.01700592,0.00000000,50.03845977,50.00000000,9.75108528,0.00000000
8.22399902,100.07593536,0.00000000,50.02889633,50.00000000,9.75061416,0.00000000
8.31999969,99.71068572,0.00000000,50.00968170,50.00000000,9.75091171,0.00000000
8.41600036,99.94300842,0.00000000,50.03862380,50.00000000,9.75081634,0.00000000
8.51200103,100.09571838,0.00000000,50.00627136,50.00000000,9.75073051,0.00000000
8.60800170,99.93124389,0.00000000,50.00579452,50.00000000,9.75103378,0.00000000
8.70399856,100.00962066,0.00000000,49.98872375,50.00000000,9.75075149,22.26968765
8.79999923,99.61325836,0.00000000,49.97708892,50.00000000,9.75102710,22.27386665
8.89599990,99.88986968,0.00000000,49.96512222,50.00000000,9.75100040,22.27850341
8.99200057,100.05976104,0.00000000,50.03240203,50.00000000,9.75070953,0.00000000
9.08800125,99.76248931,0.00000000,49.99303817,50.00000000,9.75089836,22.26936531
9.18399810,99.94933319,0.00000000,50.00505447,50.00000000,9.75068759,0.00000000
9.27999877,99.55093383,0.00000000,49.96922302,50.00000000,9.75099182,22.27728271
9.37599945,99.88710021,0.00000000,50.04048538,50.00000000,9.75075912,0.00000000
9.47200012,99.85208129,0.00000000,50.03953170,50.00000000,9.75093460,0.00000000
9.56800079,99.90190124,0.00000000,50.00436401,50.00000000,9.75101375,0.00000000
9.66400146,99.99023437,0.00000000,49.97971343,50.00000000,9.75065231,22.27221107
9.75999832,99.56369018,0.00000000,50.04141616,50.00000000,9.75077247,0.00000000
9.85599899,99.97608947,0.00000000,50.03261566,50.00000000,9.75056266,0.00000000
9.95199966,99.64298248,0.00000000,50.04408645,50.00000000,9.75100040,0.00000000
10.04800033,99.84299468,0.00000000,50.02901840,50.00000000,9.75086021,0.00000000
10.14400100,99.89068603,0.00000000,50.01597595,50.00000000,9.75058937,0.00000000
10.24000167,99.64070892,0.00000000,50.02057647,50.00000000,9.75092697,0.00000000
10.33599853,99.96572113,0.00000000,49.99732971,50.00000000,9.75078678,22.26149368
10.43199920,99.58449554,0.00000000,50.02980422,50.00000000,9.75095081,0.00000000
10.52799987,99.79076385,0.00000000,50.02486801,50.00000000,9.75098705,0.00000000
10.62400054,99.65316772,0.00000000,50.02687072,50.00000000,9.75062847,0.00000000
10.72000122,99.83894348,0.00000000,49.98989105,50.00000000,9.75102138,22.26158142
10.81600189,99.84512329,0.00000000,49.97551727,50.00000000,9.75061130,22.26663017
10.91199874,99.45910644,0.00000000,49.99156188,50.00000000,9.75092411,22.26206970
11.00799942,99.78078460,0.00000000,49.99921417,50.00000000,9.75092697,22.25979804
11.10400009,99.78241729,0.00000000,50.04422760,50.00000000,9.75067806,0.00000000
11.20000076,99.55538940,0.00000000,50.03178405,50.00000000,9.75103378,0.00000000
11.29600143,99.90683746,0.00000000,50.05269241,50.00000000,9.75063705,0.00000000
11.39199829,99.67587280,0.00000000,50.04003143,50.00000000,9.75119209,0.00000000
11.48799896,99.95989227,0.00000000,50.03192520,50.00000000,9.75104904,0.00000000
11.58399963,100.01976013,0.00000000,50.05464553,50.00000000,9.75071620,0.00000000
11.68000030,99.91098022,0.00000000,49.98355102,50.00000000,9.75116062,22.25733375
11.77600097,100.20662689,0.00000000,50.02780151,50.00000000,9.75003528,0.00000000
11.87200164,100.01688385,0.00000000,50.00333786,50.00000000,9.75103282,0.00000000
11.96799850,100.50794219,0.00000000,50.03989028,50.00000000,9.75095272,0.00000000
12.06399917,100.70958709,0.00000000,50.04272460,50.00000000,9.75082874,0.00000000
12.15999984,101.65007019,0.00000000,50.03049468,50.00000000,9.75097084,0.00000000
12.25600051,102.52369689,0.00000000,50.01230239,50.00000000,9.75067806,0.00000000
12.35200119,102.90697479,0.00000000,50.02565383,50.00000000,9.75106048,0.00000000
12.44800186,103.74932861,0.00000000,49.96543121,50.00000000,9.75103282,22.25834083
12.54399871,104.37591552,0.00000000,50.02455902,50.00000000,9.75071716,0.00000000
12.63999938,104.34007263,0.00000000,50.00522232,50.00000000,9.75100421,0.00000000
12.73600006,104.91262817,0.00000000,50.01478195,50.00000000,9.75077533,0.00000000
12.83200073,105.08158874,0.00000000,50.03202056,50.00000000,9.75067806,0.00000000
12.92800140,104.61853790,0.00000000,50.00109863,50.00000000,9.75097751,0.00000000
13.02399826,104.83580780,0.00000000,50.01197052,50.00000000,9.75092697,0.00000000
13.11999893,104.47026062,0.00000000,49.99759292,50.00000000,9.75088691,22.24607658
13.21599960,104.54936218,0.00000000,49.94153976,50.00000000,9.75099372,22.26464462
13.31200027,104.62447357,0.00000000,49.95494079,50.00000000,9.75029277,22.26197624
13.40800094,103.85711669,0.00000000,50.02782440,50.00000000,9.75047779,0.00000000
13.50400161,103.89409637,0.00000000,50.01130294,50.00000000,9.75107383,0.00000000
13.59999847,103.80993652,0.00000000,50.00271987,50.00000000,9.75073432,0.00000000
13.69599914,103.21659088,0.00000000,50.01540374,50.00000000,9.75098419,0.00000000
13.79199981,103.37570190,0.00000000,50.02215194,50.00000000,9.75071144,0.00000000
13.88800048,102.90921020,0.00000000,49.99182510,50.00000000,9.75119018,22.24877548
13.98400115,103.03534698,0.00000000,50.02937316,50.00000000,9.75103378,0.00000000
14.08000183,102.56295013,0.00000000,50.04391860,50.00000000,9.75113773,0.00000000
14.17599868,102.75376129,0.00000000,50.03335571,50.00000000,9.75071811,0.00000000
14.27199935,102.33006286,0.00000000,50.02885055,50.00000000,9.75110530,0.00000000
14.36800003,102.54578399,0.00000000,50.01239776,50.00000000,9.75076961,0.00000000
14.46400070,102.29278564,0.00000000,50.02591705,50.00000000,9.75107288,0.00000000
14.56000137,102.42253112,0.00000000,50.04182052,50.00000000,9.75092792,0.00000000
14.65599822,102.17570495,0.00000000,50.01878738,50.00000000,9.75077056,0.00000000
14.75199890,101.85213470,0.00000000,49.99198913,50.00000000,9.75106334,22.24193191
14.84799957,102.43107604,0.00000000,49.96280670,50.00000000,9.75090312,22.25180244
14.94400024,102.17333984,0.00000000,50.00701141,50.00000000,9.75058078,0.00000000
15.04000091,101.58872985,0.00000000,50.00970458,50.00000000,9.75100803,0.00000000
15.13600158,102.03427124,0.00000000,49.99709320,50.00000000,9.75068378,22.24110221
15.23199844,101.79195404,0.00000000,50.02131652,50.00000000,9.75084781,0.00000000
15.32799911,101.43344116,0.00000000,49.96772003,50.00000000,9.75100612,22.25024414
15.42399978,101.86872100,0.00000000,49.99132156,50.00000000,9.75074005,22.24342536
15.52000045,101.77136993,0.00000000,50.01964569,50.00000000,9.75079727,0.00000000
15.61600112,101.65008544,0.00000000,50.03099441,50.00000000,9.75097560,0.00000000
15.71200180,101.53392028,0.00000000,50.00085830,50.00000000,9.75105857,0.00000000
15.80799865,101.74165344,0.00000000,50.01890945,50.00000000,9.75067615,0.00000000
15.90399932,101.75202941,0.00000000,49.99608993,50.00000000,9.75104236,22.23999977
16.00000000,101.48270416,0.00000000,50.00057220,50.00000000,9.75095844,0.00000000
16.09600067,101.73721313,0.00000000,49.95012283,50.00000000,9.75074005,22.25527000
16.19200134,101.70362854,0.00000000,50.01916885,50.00000000,9.75110340,0.00000000
16.28799819,101.44499206,0.00000000,50.02782440,50.00000000,9.75084972,0.00000000
16.38399887,101.68575286,0.00000000,50.05817413,50.00000000,9.75081253,0.00000000
16.47999954,101.30755615,0.00000000,50.01166152,50.00000000,9.75110530,0.00000000
16.57600021,101.74140930,0.00000000,50.04599380,50.00000000,9.75069427,0.00000000
16.67200088,101.51766967,0.00000000,50.01819229,50.00000000,9.75099182,0.00000000
16.76800155,101.24597930,0.00000000,49.99268341,50.00000000,9.75093746,22.23728942
16.86399841,101.49286651,0.00000000,49.99118041,50.00000000,9.75062847,22.23800468
16.95999908,101.32350921,0.00000000,49.99163436,50.00000000,9.75097942,22.23811912
17.05599975,101.43461608,0.00000000,50.01659393,50.00000000,9.75066471,0.00000000
17.15200042,101.38378906,0.00000000,50.03213882,50.00000000,9.75108814,0.00000000
17.24800109,100.99428558,0.00000000,50.01778793,50.00000000,9.75104522,0.00000000
17.34400177,101.33219909,0.00000000,50.05669784,50.00000000,9.75072860,0.00000000
17.43999862,101.28412628,0.00000000,50.02098083,50.00000000,9.75097656,0.00000000
17.53599929,100.97800445,0.00000000,50.05219268,50.00000000,9.75090789,0.00000000
17.63199996,101.24276733,0.00000000,50.01425933,50.00000000,9.75081348,0.00000000
17.72800064,100.92698669,0.00000000,50.01397323,50.00000000,9.75098419,0.00000000
17.82400131,100.86322021,0.00000000,49.97310638,50.00000000,9.75096225,22.23774337
17.91999816,101.22930908,0.00000000,50.00138473,50.00000000,9.75068187,0.00000000
18.01599884,101.08222198,0.00000000,49.98612594,50.00000000,9.75104808,22.23421096
18.11199951,100.98778533,0.00000000,49.96493148,50.00000000,9.75114440,22.24162101
18.20800018,101.01773834,0.00000000,50.02317428,50.00000000,9.75038433,0.00000000
18.30400085,101.17100524,0.00000000,50.04189300,50.00000000,9.75065994,0.00000000
18.40000152,101.08399963,0.00000000,50.04525375,50.00000000,9.75077247,0.00000000
18.49599838,101.06229400,0.00000000,49.99220657,50.00000000,9.75112438,22.23036193
18.59199905,100.91002655,0.00000000,50.03264236,50.00000000,9.75110340,0.00000000
18.68799972,101.46379089,0.00000000,50.03657531,50.00000000,9.75068569,0.00000000
18.78400039,101.55053710,0.00000000,50.01092147,50.00000000,9.75079917,0.00000000
18.88000106,101.51057434,0.00000000,50.05290603,50.00000000,9.75098133,0.00000000
18.97600173,101.31430053,0.00000000,50.01189804,50.00000000,9.75101470,0.00000000
19.07199859,101.51058197,0.00000000,50.03259277,50.00000000,9.75098419,0.00000000
19.16799926,101.94596862,0.00000000,50.01065826,50.00000000,9.75062847,0.00000000
19.26399993,101.86873626,0.00000000,49.96526336,50.00000000,9.75076103,22.23384475
19.36000061,101.81262207,0.00000000,50.03161621,50.00000000,9.75113391,0.00000000
19.45600128,101.57205963,0.00000000,50.01306533,50.00000000,9.75090217,0.00000000
19.55199813,101.95239257,0.00000000,49.98359680,50.00000000,9.75094509,22.22749519
19.64799880,101.95565032,0.00000000,47.46329879,50.00000000,9.75054550,23.05968666
19.74399948,102.10890960,0.00000000,49.97647094,50.00000000,9.75108814,22.30644035
19.84000015,101.72467041,0.00000000,50.03051757,50.00000000,9.75048542,0.00000000
19.93600082,101.52360534,0.00000000,49.99575805,50.00000000,9.75094127,22.29986572
20.03200149,101.85379791,0.00000000,50.06013107,50.00000000,9.75069332,0.00000000
20.12799835,101.64714050,0.00000000,50.03743362,50.00000000,9.75103950,0.00000000
20.22399902,101.28721618,0.00000000,50.03333282,50.00000000,9.75101566,0.00000000
20.31999969,101.67329406,0.00000000,50.01082611,50.00000000,9.75051784,0.00000000
20.41600036,101.52046203,0.00000000,50.01819229,50.00000000,9.75095462,0.00000000
20.51200103,101.10329437,0.00000000,50.01042175,50.00000000,9.75102996,0.00000000
20.60800170,101.35015869,0.00000000,49.99480438,50.00000000,9.75051784,22.29519462
20.70399856,101.36485290,0.00000000,50.01745223,50.00000000,9.75077533,0.00000000
20.79999923,100.98657989,0.00000000,50.00705718,50.00000000,9.75088214,0.00000000
20.89599990,100.99328613,0.00000000,49.99165725,50.00000000,9.75068187,22.29565620
20.99200057,101.18975830,0.00000000,49.95660781,50.00000000,9.75071144,22.30747222
21.08800125,100.85214996,0.00000000,49.98276519,50.00000000,9.75091743,22.30014419
21.18399810,101.22382354,0.00000000,49.99952316,50.00000000,9.75064659,22.29512977
21.27999877,100.99919128,0.00000000,47.52836227,50.00000000,9.75096607,23.11062622
21.37599945,100.95532989,0.00000000,50.03023147,50.00000000,9.75093650,0.00000000
21.47200012,101.03629302,0.00000000,50.04298782,50.00000000,9.75072383,0.00000000
21.56800079,100.60358428,0.00000000,50.08025360,50.00000000,9.75090312,0.00000000
21.66400146,100.96789550,0.00000000,50.08115768,50.00000000,9.75072479,0.00000000
21.75999832,100.81249237,0.00000000,50.10800552,50.00000000,9.75101375,0.00000000
21.85599899,100.66584777,0.00000000,50.07245635,50.00000000,9.75093078,0.00000000
21.95199966,100.71929168,0.00000000,50.05204772,50.00000000,9.75073814,0.00000000
22.04800033,100.40766906,0.00000000,50.06980895,50.00000000,9.75100040,0.00000000
22.14400100,100.69979858,0.00000000,50.04229736,50.00000000,9.75065994,0.00000000
22.24000167,100.56423950,0.00000000,50.05798339,50.00000000,9.75108051,0.00000000
22.33599853,100.69048309,0.00000000,50.06999969,50.00000000,9.75065517,0.00000000
22.43199920,100.52108764,0.00000000,50.03192520,50.00000000,9.75102710,0.00000000
22.52799987,100.17336273,0.00000000,50.02043533,50.00000000,9.75091457,0.00000000
22.62400054,100.44618988,0.00000000,49.98216629,50.00000000,9.75099372,22.35223388
22.72000122,100.20755767,0.00000000,49.97592163,50.00000000,9.75104141,22.35482978
22.81600189,100.49719238,0.00000000,50.02784729,50.00000000,9.75067806,0.00000000
22.91199874,100.05919647,0.00000000,50.01621246,50.00000000,9.75098991,0.00000000
23.00799942,100.41436767,0.00000000,50.00586700,50.00000000,9.75068569,0.00000000
23.10400009,100.35493469,0.00000000,49.98593521,50.00000000,9.75101852,22.35075187
23.20000076,100.51367950,0.00000000,50.01029968,50.00000000,9.75006675,0.00000000
23.29600143,100.25060272,0.00000000,50.02555847,50.00000000,9.75082874,0.00000000
23.39199829,99.97475433,0.00000000,50.00500869,50.00000000,9.75087070,0.00000000
23.48799896,100.28958129,0.00000000,49.98712539,50.00000000,9.75056648,22.34955215
23.58399963,99.89376831,0.00000000,49.99608993,50.00000000,9.75077247,22.34698104
23.68000030,100.25608825,0.00000000,50.03981781,50.00000000,9.75072669,0.00000000
23.77600097,100.11897277,0.00000000,50.03152084,50.00000000,9.75082874,0.00000000
23.87200164,99.87864685,0.00000000,50.01318740,50.00000000,9.75101184,0.00000000
23.96799850,100.23720550,0.00000000,50.02939987,50.00000000,9.75052833,0.00000000
24.06399917,100.11422729,0.00000000,50.03259277,50.00000000,9.75088500,0.00000000
24.15999984,99.79490661,0.00000000,49.99730682,50.00000000,9.75089073,22.34230422
24.25600051,100.06476593,0.00000000,50.03080368,50.00000000,9.75079250,0.00000000
24.35200119,99.78363037,0.00000000,50.02877807,50.00000000,9.75091934,0.00000000
24.44800186,100.15695953,0.00000000,50.05385971,50.00000000,9.75047874,0.00000000
24.54399871,99.97195434,0.00000000,50.05159378,50.00000000,9.75075435,0.00000000
24.63999938,99.72931671,0.00000000,49.99728393,50.00000000,9.75094223,22.33743667
24.73600006,100.35858917,0.00000000,50.02436828,50.00000000,9.75020503,0.00000000
24.83200073,99.66057586,0.00000000,50.02169799,50.00000000,9.75095272,0.00000000
24.92800140,99.69048309,0.00000000,50.00946807,50.00000000,9.75102424,0.00000000
25.02399826,100.00339508,0.00000000,50.02927780,50.00000000,9.75066947,0.00000000
25.11999893,99.59313964,0.00000000,49.96600341,50.00000000,9.75089263,22.34529876
25.21599960,99.66995239,0.00000000,50.02479553,50.00000000,9.75092220,0.00000000
25.31200027,99.95288848,0.00000000,49.99077606,50.00000000,9.75074958,22.33739852
25.40800094,99.52150726,0.00000000,50.02711105,50.00000000,9.75088405,0.00000000
25.50400161,99.63821411,0.00000000,50.00796508,50.00000000,9.75096893,0.00000000
25.59999847,99.95671844,0.00000000,50.01128005,50.00000000,9.75078296,0.00000000
25.69599914,99.50384521,0.00000000,50.00429153,50.00000000,9.75098419,0.00000000
25.79199981,99.63185119,0.00000000,50.01769256,50.00000000,9.75083827,0.00000000
25.88800048,99.87207031,0.00000000,49.99020385,50.00000000,9.75066566,22.33581161
25.98400115,99.48284912,0.00000000,49.97892379,50.00000000,9.75104141,22.33982849
26.08000183,99.51589965,0.00000000,49.98664855,50.00000000,9.75111484,22.33791160
26.17599868,99.84269714,0.00000000,47.48425674,50.00000000,9.75064277,23.16409873
26.27199935,99.89228057,0.00000000,50.03857803,50.00000000,9.75112438,0.00000000
26.36800003,99.47720336,0.00000000,50.03805160,50.00000000,9.75093936,0.00000000
26.46400070,99.87220764,0.00000000,50.05746078,50.00000000,9.75067043,0.00000000
26.56000137,99.69036102,0.00000000,50.04096221,50.00000000,9.75082778,0.00000000
26.65599822,99.59622955,0.00000000,50.04155731,50.00000000,9.75090885,0.00000000
26.75199890,99.45108032,0.00000000,50.01681137,50.00000000,9.75090980,0.00000000
26.84799957,99.79835510,0.00000000,50.03092575,50.00000000,9.75085163,0.00000000
26.94400024,99.68987274,0.00000000,50.04086685,50.00000000,9.75064754,0.00000000
27.04000091,99.62959289,0.00000000,49.98650741,50.00000000,9.75108814,22.40467262
27.13600158,99.42562103,0.00000000,50.00784683,50.00000000,9.75100803,0.00000000
27.23199844,99.66931152,0.00000000,50.01876449,50.00000000,9.75101757,0.00000000
27.32799911,99.72189331,0.00000000,50.03576278,50.00000000,9.75059318,0.00000000
27.42399978,99.62760925,0.00000000,50.04704284,50.00000000,9.75078868,0.00000000
27.52000045,99.28764343,0.00000000,50.00877380,50.00000000,9.75096225,0.00000000
27.61600112,99.38397216,0.00000000,50.00395965,50.00000000,9.75114059,0.00000000
27.71200180,99.57246398,0.00000000,49.99928665,50.00000000,9.75072669,22.39719581
27.80799865,99.64570617,0.00000000,47.46592330,50.00000000,9.75081157,23.23322868
27.90399932,99.94004821,0.00000000,49.97661209,50.00000000,9.75091648,22.48072242
28.00000000,99.71581268,0.00000000,49.97959136,50.00000000,9.75051212,22.48044013
28.09600067,99.78821563,0.00000000,50.00643920,50.00000000,9.75011253,0.00000000
28.19200134,99.76528930,0.00000000,50.01876449,50.00000000,9.75071907,0.00000000
28.28799819,99.66842651,0.00000000,50.02794265,50.00000000,9.75082397,0.00000000
28.38399887,99.66078186,0.00000000,49.98221588,50.00000000,9.75074672,22.47859382
28.47999954,99.94998168,0.00000000,50.04735183,50.00000000,9.75063133,0.00000000
28.57600021,99.59777832,0.00000000,50.04422760,50.00000000,9.75110149,0.00000000
28.67200088,100.01304626,0.00000000,50.02098083,50.00000000,9.75070953,0.00000000
28.76800155,99.98255157,0.00000000,50.01900482,50.00000000,9.75117588,0.00000000
28.86399841,99.61986541,0.00000000,50.04625320,50.00000000,9.75089836,0.00000000
28.95999908,99.80165863,0.00000000,50.05383682,50.00000000,9.75102710,0.00000000
29.05599975,99.50749969,0.00000000,50.02007675,50.00000000,9.75090885,0.00000000
29.15200042,99.86128997,0.00000000,50.02761077,50.00000000,9.75049018,0.00000000
29.24800109,99.46743011,0.00000000,50.01046752,50.00000000,9.75112438,0.00000000
29.34400177,99.73336029,0.00000000,49.99091720,50.00000000,9.75062465,22.46756172
29.43999862,99.36048889,0.00000000,47.46329879,50.00000000,9.75102138,23.30194854
29.53599929,100.00691223,0.00000000,49.97632598,50.00000000,9.75061416,22.54874992
29.63199996,99.66809082,0.00000000,49.99280166,50.00000000,9.75064754,22.54402160
29.72800064,99.58615875,0.00000000,50.01309204,50.00000000,9.75047302,0.00000000
29.82400131,99.68270111,0.00000000,50.01945495,50.00000000,9.75058364,0.00000000
29.91999816,99.36717224,0.00000000,50.03972244,50.00000000,9.75089454,0.00000000
30.01599884,99.64071655,0.00000000,50.05879592,50.00399780,9.75056076,0.00000000
30.11199951,99.23089599,0.00000000,50.05252456,50.02799987,9.75104141,0.00000000
30.20800018,99.44252777,0.00000000,50.03915023,50.05200195,9.75111293,22.54155731
30.30400085,99.53476715,0.00000000,50.03810119,50.07600021,9.75068187,22.55020904
30.40000152,99.30431365,0.00000000,50.06980895,50.09999847,9.75099563,22.54880142
30.49599838,99.55606842,0.00000000,50.08590316,50.12400054,9.75072860,22.55231666
30.59199905,99.14725494,0.00000000,50.13232421,50.14799880,9.75103378,22.54606056
30.68799972,99.40956878,0.00000000,50.12038040,50.17200088,9.75092983,22.55839347
30.78400039,99.55696868,0.00000000,50.12431335,50.19599914,9.75084781,22.56656265
30.88000106,99.37615966,0.00000000,50.13191986,50.22000122,9.75100231,22.57412338
30.97600173,99.50325775,0.00000000,50.17375946,50.24399948,9.75061130,22.57087898
31.07199859,99.13574981,0.00000000,47.69258499,50.26799774,9.75119686,23.39969253
31.16799926,99.71127319,0.00000000,50.21405410,50.29199981,9.75116825,22.65279197
31.26399993,99.44323730,0.00000000,50.26376342,50.31600189,9.75066375,22.64664649
31.36000061,99.36551666,0.00000000,50.27272796,50.34000015,9.75040912,22.65317726
31.45600128,99.49342346,0.00000000,50.32735061,50.36399841,9.75056743,22.64508819
31.55199813,99.13599395,0.00000000,50.33683776,50.38800048,9.75109004,22.65097808
31.64799880,99.37998962,0.00000000,50.35295486,50.41199874,9.75084590,22.65511512
31.74399948,99.39040374,0.00000000,50.35898971,50.43600082,9.75065326,22.66281509
31.84000015,99.08609771,0.00000000,50.35891723,50.45999908,9.75094509,22.67306900
31.93600082,99.48178100,0.00000000,50.43587875,50.48400115,9.75055408,22.65862274
32.03199768,99.11827087,0.00000000,50.40896224,50.50799942,9.75102043,22.67686843
32.12799835,99.33808135,0.00000000,50.46913909,50.53199768,9.75106239,22.66790008
32.22399902,99.42398834,0.00000000,50.53971099,50.55599975,9.75069332,22.65441703
32.31999969,99.22861480,0.00000000,50.53153228,50.58000183,9.75086307,22.66552734
32.41600036,99.50495910,0.00000000,50.55570602,50.60400009,9.75052928,22.66692161
32.51200103,99.07147216,0.00000000,50.63510131,50.62799835,9.75094509,0.00000000
32.60800170,99.31515502,0.00000000,50.58860778,50.65200042,9.75086975,22.67314147
32.70400238,99.22787475,0.00000000,48.17450332,50.67600250,9.75061702,23.47961616
32.80000305,99.58744049,0.00000000,50.62417984,50.70000076,9.75086212,22.75418853
32.89600372,99.72817993,0.00000000,50.71284866,50.72399902,9.75022125,22.73512268
32.99199676,99.04954528,0.00000000,50.73201751,50.74800109,9.75035095,22.73705101
33.08799743,99.33705902,0.00000000,50.71818923,50.77199935,9.75089454,22.75001335
33.18399810,99.50086975,0.00000000,50.77533721,50.79599761,9.75048542,22.74068832
33.27999877,99.12802124,0.00000000,50.80876541,50.81999969,9.75075531,22.73819732
33.37599945,99.34761810,0.00000000,50.84519577,50.84400177,9.75072574,0.00000000
33.47200012,99.14628601,0.00000000,50.89295196,50.86800003,9.75062847,0.00000000
33.56800079,99.09723663,0.00000000,50.87914657,50.89199829,9.75111103,22.73828125
33.66400146,99.47736358,0.00000000,50.88565444,50.91600036,9.75062274,22.74444007
33.76000213,99.32174682,0.00000000,50.94227981,50.94000244,9.75060558,0.00000000
33.85600280,99.54757690,0.00000000,50.93691635,50.96400070,9.75095748,22.74420547
33.95200347,100.41641998,0.00000000,50.96635818,50.98799896,9.75054264,22.74322319
34.04799652,100.99290466,0.00000000,50.98471832,51.01200103,9.75081920,22.74573326
34.14399719,102.33422851,0.00000000,51.00953674,51.03599929,9.75093364,22.74628067
34.23999786,104.10623168,0.00000000,51.05421829,51.05999755,9.75068950,22.74024963
34.33599853,106.08084869,0.00000000,48.54907989,51.08399963,9.75094985,23.57503700
34.43199920,109.41983795,0.00000000,51.05586242,51.10800170,9.75112819,22.83176994
34.52799987,112.49382781,0.00000000,51.13187026,51.13199996,9.75024318,22.81616973
34.62400054,114.66216278,0.00000000,51.19178390,51.15599822,9.75028514,0.00000000
34.72000122,117.57647705,0.00000000,51.18916320,51.18000030,9.75054073,0.00000000
34.81600189,119.16519165,0.00000000,51.19948577,51.20400238,9.75106716,22.81627082
34.91200256,120.49372863,0.00000000,51.20122528,51.22800064,9.75120544,22.82375144
35.00800323,120.81982421,0.00000000,51.24120712,51.25199890,9.75083065,22.81928062
35.10399627,120.04630279,0.00000000,51.27330017,51.27600097,9.75092697,22.81693649
35.19999694,118.91758728,0.00000000,51.28646087,51.29999923,9.75078678,22.82059097
35.29599761,116.87718200,0.00000000,51.34396743,51.32399749,9.75100803,0.00000000
35.39199829,115.38654327,0.00000000,51.37062072,51.34799957,9.75063991,0.00000000
35.48799896,113.19380187,0.00000000,51.36928558,51.37200164,9.75100421,22.81614875
35.58399963,111.65790557,0.00000000,51.40102005,51.39599990,9.75098609,0.00000000
35.68000030,109.92993164,0.00000000,51.41611099,51.41999816,9.75065517,22.81646537
35.77600097,108.56229400,0.00000000,51.42855834,51.44400024,9.75091838,22.82039642
35.87200164,107.31637573,0.00000000,51.49543380,51.46800231,9.75061702,0.00000000
35.96800231,105.80025482,0.00000000,51.45974349,51.49200057,9.75100612,22.82558631
36.06400299,105.48182678,0.00000000,51.42867660,51.51599884,9.75058364,22.84472465
36.16000366,104.30786132,0.00000000,51.53906631,51.54000091,9.75045680,22.81883430
36.25599670,103.58154296,0.00000000,51.54178237,51.56399917,9.75029277,22.82588577
36.35199737,102.73239898,0.00000000,51.54288101,51.58799743,9.75083827,22.83410835
36.44799804,102.51858520,0.00000000,51.58832168,51.61199951,9.75103569,22.82838630
36.54399871,102.14044189,0.00000000,51.61609649,51.63600158,9.75065708,22.82785415
36.63999938,101.60264587,0.00000000,51.64239501,51.65999984,9.75099563,22.82769012
36.73600006,101.48101043,0.00000000,51.66716766,51.68399810,9.75059127,22.82796287
36.83200073,100.75502777,0.00000000,51.73852539,51.70800018,9.75103187,0.00000000
36.92800140,100.86847686,0.00000000,51.75299835,51.73200225,9.75075054,0.00000000
37.02400207,100.29590606,0.00000000,51.74851608,51.75600051,9.75089836,22.82383918
37.12000274,100.47827911,0.00000000,51.77176284,51.77999877,9.75057220,22.82431030
37.21600341,100.05106353,0.00000000,51.81155395,51.80400085,9.75098800,0.00000000
37.31199645,100.14646911,0.00000000,51.78144073,51.82799911,9.75104331,22.83697700
37.40799713,99.79160308,0.00000000,51.77962875,51.85199737,9.75069522,22.84689140
37.50399780,99.95330047,0.00000000,51.84502792,51.87599945,9.75095558,22.83540153
37.59999847,99.94150543,0.00000000,49.37625122,51.90000152,9.75062847,23.65894889
37.69599914,99.75289916,0.00000000,51.88429641,51.92399978,9.75104522,22.91492652
37.79199981,99.94274902,0.00000000,51.91579055,51.94799804,9.75020313,22.91364479
37.88800048,99.33985137,0.00000000,51.92983245,51.97200012,9.75042533,22.91789627
37.98400115,99.55726623,0.00000000,51.99637603,51.99600219,9.75085926,0.00000000
38.08000183,99.63528442,0.00000000,52.05268859,52.02000045,9.75067424,0.00000000
38.17600250,99.08005523,0.00000000,52.02772903,52.04399871,9.75090408,22.90962219
38.27200317,99.48644256,0.00000000,52.00576782,52.06800079,9.75062847,22.92527770
38.36799621,99.16010284,0.00000000,52.05821990,52.09199905,9.75110912,22.91775512
38.46399688,99.37461090,0.00000000,52.09355545,52.11599731,9.75085735,22.91502761
38.55999755,99.02544403,0.00000000,52.08275604,52.13999938,9.75082397,22.92718505
38.65599822,99.04177856,0.00000000,52.14696121,52.16400146,9.75103473,22.91563415
38.75199890,99.36360931,0.00000000,52.18842315,52.18799972,9.75071334,0.00000000
38.84799957,98.98179626,0.00000000,52.18935012,52.21199798,9.75085926,22.91798210
38.94400024,99.22093963,0.00000000,52.20473098,52.23600006,9.75064754,22.92150688
39.04000091,98.89884185,0.00000000,52.23279190,52.26000213,9.75112915,22.92110443
39.13600158,99.05358886,0.00000000,52.25682449,52.28400039,9.75116825,22.92190933
39.23200225,99.30069732,0.00000000,49.81665802,52.30799865,9.75067615,23.73590087
39.32800292,99.19026184,0.00000000,52.29022598,52.33200073,9.75109291,23.00228309
39.42400360,99.41347503,0.00000000,52.40121078,52.35600280,9.75026607,0.00000000
39.51999664,98.83046722,0.00000000,52.37407684,52.37999725,9.75105667,22.99034690
39.61599731,98.97672271,0.00000000,52.43802261,52.40399932,9.75103569,0.00000000
39.71199798,99.20531463,0.00000000,52.40628814,52.42800140,9.75077533,22.99471664
39.80799865,98.80305480,0.00000000,52.40049362,52.45199966,9.75094509,23.00519943
39.90399932,99.07591247,0.00000000,52.47550201,52.47599792,9.75076961,22.98991203
40.00000000,98.83454895,0.00000000,52.48532485,52.50000000,9.75090789,22.99460411
40.09600067,98.83720397,0.00000000,52.51872634,52.52400207,9.75102233,22.99194335
40.19200134,99.12856292,0.00000000,52.57654190,52.54800033,9.75061893,0.00000000
40.28800201,98.74484252,0.00000000,52.57079696,52.57199859,9.75102043,22.98990058
40.38400268,99.04231262,0.00000000,52.62546539,52.59600067,9.75084972,0.00000000
40.48000335,98.76461029,0.00000000,52.58536529,52.62000274,9.75093364,23.00008773
40.57599639,98.76859283,0.00000000,52.64780807,52.64399719,9.75111103,0.00000000
40.67199707,99.07410430,0.00000000,52.66645050,52.66799926,9.75067806,22.99009323
40.76799774,98.72592163,0.00000000,52.68743133,52.69200134,9.75093364,22.99113655
40.86399841,99.03494262,0.00000000,50.21133422,52.71599960,9.75078105,23.81630516
40.95999908,98.99251556,0.00000000,52.68449783,52.73999786,9.75108242,23.08321762
41.05599975,99.21368408,0.00000000,52.76189041,52.76399993,9.75057601,23.06726646
41.15200042,99.05733489,0.00000000,52.76966094,52.78800201,9.75004673,23.07268524
41.24800109,99.06646728,0.00000000,52.75271224,52.81200027,9.75087738,23.08674812
41.34400177,99.12949371,0.00000000,52.80878829,52.83599853,9.75054550,23.07793998
41.44000244,98.70043182,0.00000000,52.83594131,52.86000061,9.75112247,23.07771682
41.53600311,99.01547241,0.00000000,52.85906982,52.88400268,9.75067615,23.07872772
41.63200378,98.70011901,0.00000000,52.93729400,52.90800094,9.75100231,0.00000000
41.72799682,99.08169555,0.00000000,52.95558166,52.93199920,9.75067615,0.00000000
41.82399749,98.54479217,0.00000000,52.96931457,52.95600128,9.75085544,0.00000000
41.91999816,98.99753570,0.00000000,52.94656753,52.97999954,9.75054550,23.08029174
42.01599884,99.02235412,0.00000000,52.98133087,53.00399780,9.75101375,23.07774353
42.11199951,99.10067749,0.00000000,52.98237991,53.02799987,9.75075531,23.08599853
42.20800018,98.90924072,0.00000000,53.02014541,53.05200195,9.75092697,23.08282661
42.30400085,99.00905609,0.00000000,53.03290176,53.07600021,9.75058937,23.08749198
42.40000152,98.93903350,0.00000000,53.06468200,53.09999847,9.75106620,23.08621788
42.49600219,98.99112701,0.00000000,50.60770797,53.12400054,9.75062465,23.90599822
42.59200286,98.87890625,0.00000000,53.07891464,53.14800262,9.75107669,23.17391014
42.68800354,99.21733093,0.00000000,53.14650726,53.17200088,9.75015449,23.16159629
42.78399658,98.69309997,0.00000000,53.20441818,53.19599914,9.75033092,0.00000000
42.87999725,99.00737762,0.00000000,53.19464492,53.22000122,9.75052833,23.16206359
42.97599792,98.52615356,0.00000000,53.22923660,53.24399948,9.75088691,23.15932846
43.07199859,98.89116668,0.00000000,53.25186538,53.26799774,9.75060558,23.16022109
43.16799926,98.53955078,0.00000000,53.29995346,53.29199981,9.75105857,0.00000000
43.26399993,98.93228149,0.00000000,53.32281875,53.31600189,9.75078868,0.00000000
43.36000061,98.53417968,0.00000000,53.31926345,53.34000015,9.75112915,23.16178321
43.45600128,98.83266448,0.00000000,53.37409973,53.36399841,9.75049304,0.00000000
43.55200195,98.54789733,0.00000000,53.33445358,53.38800048,9.75098037,23.17292785
43.64800262,98.86508941,0.00000000,53.38530731,53.41200256,9.75069427,23.16567420
43.74400329,98.57454681,0.00000000,53.41963958,53.43600082,9.75088310,23.16306304
43.83999633,98.82180023,0.00000000,53.43101119,53.45999908,9.75095748,23.16772079
43.93599700,98.53423309,0.00000000,53.44820022,53.48400115,9.75094509,23.17083930
44.03199768,98.82926177,0.00000000,53.50325393,53.50799942,9.75076961,23.16166496
44.12799835,98.58544921,0.00000000,51.02319717,53.53199768,9.75088691,23.98814392
44.22399902,99.03469848,0.00000000,53.51205062,53.55599975,9.75095748,23.25000953
44.31999969,98.94149017,0.00000000,53.58758163,53.58000183,9.75025844,0.00000000
44.41600036,98.80614471,0.00000000,53.60493850,53.60400009,9.75088691,0.00000000
44.51200103,98.91137695,0.00000000,53.62739562,53.62799835,9.75075435,23.23676490
44.60800170,98.44757843,0.00000000,53.65383911,53.65200042,9.75099468,0.00000000
44.70400238,98.73636627,0.00000000,53.65393447,53.67600250,9.75061988,23.24381065
44.80000305,98.50838470,0.00000000,53.70969772,53.70000076,9.75064182,0.00000000
44.89600372,98.77558135,0.00000000,53.70423889,53.72399902,9.75082397,23.24341964
44.99199676,98.87757873,0.00000000,53.72409820,53.74800109,9.75060272,23.24538230
45.08799743,98.48896789,0.00000000,53.70931625,53.77199935,9.75091171,23.25889396
45.18399810,98.73086547,0.00000000,53.74372100,53.79599761,9.75087356,23.25733947
45.27999877,98.89937591,0.00000000,53.77125930,53.81999969,9.75068187,23.25774192
45.37599945,98.45069122,0.00000000,53.82390213,53.84400177,9.75098323,23.24975204
45.47200012,98.78817749,0.00000000,53.85327529,53.86800003,9.75069236,23.24858283
45.56800079,98.53572845,0.00000000,53.85210800,53.89199829,9.75100040,23.25732803
45.66400146,98.78599548,0.00000000,53.90148162,53.91600036,9.75098037,23.25015258
45.76000213,98.86327362,0.00000000,51.50210952,53.94000244,9.75051021,24.05030059
45.85600280,98.70232391,0.00000000,53.92260742,53.96400070,9.75108528,23.33259391
45.95200347,99.03015136,0.00000000,53.99491882,53.98799896,9.75027942,0.00000000
46.04799652,98.77704620,0.00000000,53.99389266,54.01200103,9.75077533,23.32594490
46.14399719,98.79543304,0.00000000,54.06413269,54.03599929,9.75100231,0.00000000
46.23999786,98.82570648,0.00000000,54.07943725,54.05999755,9.75063991,0.00000000
46.33599853,98.46918487,0.00000000,54.05440521,54.08399963,9.75102710,23.32885169
46.43199920,98.79837799,0.00000000,54.08725738,54.10800170,9.75109386,23.32681846
46.52799987,98.97270202,0.00000000,54.13227081,54.13199996,9.75069236,0.00000000
46.62400054,98.42549133,0.00000000,54.15000915,54.15599822,9.75102901,23.32256507
46.72000122,98.75910186,0.00000000,54.15325164,54.18000030,9.75077724,23.32959556
46.81600189,98.50886535,0.00000000,54.18024063,54.20400238,9.75097751,23.32941246
46.91200256,98.81348419,0.00000000,54.20174789,54.22800064,9.75085258,23.33094787
47.00800323,98.92171478,0.00000000,54.21824645,54.25199890,9.75064182,23.33421325
47.10399627,98.43733215,0.00000000,54.26812362,54.27600097,9.75095272,23.32668685
47.19999694,98.83189392,0.00000000,54.28254699,54.29999923,9.75063705,23.33008193
47.29599761,98.51665496,0.00000000,54.34007644,54.32399749,9.75094509,0.00000000
47.39199829,98.82156372,0.00000000,54.33810043,54.34799957,9.75098037,23.32762908
47.48799896,99.21042633,0.00000000,54.32391357,54.37200164,9.75080013,23.34053039
47.58399963,99.11374664,0.00000000,54.38993072,54.39599990,9.75075149,23.32810783
47.68000030,98.92740631,0.00000000,54.40049362,54.41999816,9.75014877,23.33272361
47.77600097,98.54471588,0.00000000,54.45397186,54.44400024,9.75107574,0.00000000
47.87200164,98.87220001,0.00000000,54.49738693,54.46800231,9.75069904,0.00000000
47.96800231,98.52887725,0.00000000,54.48627471,54.49200057,9.75102424,23.32757949
48.06400299,98.77802276,0.00000000,54.53574752,54.51599884,9.75089454,0.00000000
48.16000366,98.59801483,0.00000000,54.50251388,54.54000091,9.75063514,23.33763885
48.25599670,98.77536773,0.00000000,54.53183746,54.56399917,9.75100040,23.33700752
48.35199737,98.84439849,0.00000000,54.54564285,54.58799743,9.75067424,23.34133338
48.44799804,98.50727081,0.00000000,54.61046981,54.61199951,9.75102424,23.32913398
48.54399871,98.83255767,0.00000000,54.62193679,54.63600158,9.75062847,23.33331489
48.63999938,98.52391052,0.00000000,54.65007019,54.65999984,9.75104141,23.33237266
48.73600006,98.76622772,0.00000000,54.67171859,54.68399810,9.75101184,23.33344650
48.83200073,98.54867553,0.00000000,54.67338562,54.70800018,9.75097560,23.34118461
48.92800140,98.64955902,0.00000000,54.72672271,54.73200225,9.75097751,23.33254241
49.02400207,98.89085388,0.00000000,52.30088424,54.75600051,9.75074005,24.14114570
49.12000274,98.79808807,0.00000000,54.74672317,54.77999877,9.75118827,23.41559219
49.21600341,99.16567993,0.00000000,54.82337570,54.80400085,9.75023651,0.00000000
49.31199645,98.54272460,0.00000000,54.82437896,54.82799911,9.75098609,23.40622138
49.40799713,98.82852935,0.00000000,54.88691329,54.85199737,9.75100612,0.00000000
49.50399780,98.49172210,0.00000000,54.87599563,54.87599945,9.75102424,23.40409088
49.59999847,98.84140777,0.00000000,54.90694046,54.90000152,9.75114059,0.00000000
49.69599914,99.02295684,0.00000000,54.89377975,54.92399978,9.75080490,23.41385269
49.79199981,98.84551239,0.00000000,54.95228958,54.94799804,9.75114822,0.00000000
49.88800048,98.90589904,0.00000000,54.97789382,54.97200012,9.75083637,0.00000000
49.98400115,98.87315368,0.00000000,54.92506027,54.99600219,9.75106811,23.42789268
50.08000183,99.02016448,0.00000000,54.97443771,55.02000045,9.75058364,23.42164611
50.17600250,98.56407165,0.00000000,54.98907852,55.04399871,9.75106811,23.42610168
50.27200317,98.99342346,0.00000000,55.01601791,55.06800079,9.75073623,23.42678070
50.36799621,98.64285278,0.00000000,55.00373840,55.09199905,9.75107955,23.44031333
50.46399688,99.12944030,0.00000000,55.05621719,55.11599731,9.75079822,23.43356323
50.55999755,98.80791473,0.00000000,55.07276153,55.13999938,9.75109386,23.43781852
50.65599822,99.09824371,0.00000000,52.67358016,55.16400146,9.75087356,24.23948287
50.75199890,99.17247009,0.00000000,55.14516830,55.18799972,9.75112247,23.50649261
50.84799957,99.52717590,0.00000000,55.16755676,55.21199798,9.75040626,23.50830650
50.94400024,99.15649414,0.00000000,55.22117614,55.23600006,9.75037956,23.49986648
51.04000091,99.31446075,0.00000000,55.21834182,55.26000213,9.75100994,23.50916862
51.13600158,99.45455932,0.00000000,55.25465011,55.28400039,9.75063991,23.50635528
51.23200225,99.07913208,0.00000000,55.29787826,55.30799865,9.75104522,23.50089073
51.32800292,99.56669616,0.00000000,55.31537628,55.33200073,9.75075149,23.50333976
51.42400360,99.17651367,0.00000000,55.36999893,55.35600280,9.75111675,0.00000000
51.51999664,99.44625091,0.00000000,55.38473129,55.37999725,9.75069522,0.00000000
51.61599731,99.19662475,0.00000000,55.39414978,55.40399932,9.75105667,23.50103950
51.71199798,99.51577758,0.00000000,55.45001220,55.42800140,9.75121974,0.00000000
51.80799865,99.26757812,0.00000000,55.43253707,55.45199966,9.75083827,23.50384902
51.90399932,99.31501007,0.00000000,55.46340942,55.47599792,9.75106334,23.50216484
52.00000000,99.58329772,0.00000000,55.50363159,55.50000000,9.75076961,0.00000000
52.09600067,99.22398376,0.00000000,55.50644683,55.52400207,9.75125122,23.50407218
52.19200134,99.60324859,0.00000000,55.52110671,55.54800033,9.75089263,23.50767898
52.28800201,99.13253784,0.00000000,53.10676193,55.57199859,9.75113964,24.31313896
52.38400268,99.75698852,0.00000000,55.57105636,55.59600067,9.75097751,23.58180046
52.48000335,99.44807434,0.00000000,55.54864501,55.62000274,9.75067806,23.59786796
52.57599639,99.46525573,0.00000000,55.59349060,55.64399719,9.75053691,23.59312820
52.67199707,99.50192260,0.00000000,55.66260910,55.66799926,9.75094509,23.57975387
52.76799774,99.37241363,0.00000000,55.66678237,55.69200134,9.75128746,23.58646011
52.86399841,99.46865081,0.00000000,55.71704101,55.71599960,9.75084018,0.00000000
52.95999908,99.02289581,0.00000000,55.70178222,55.73999786,9.75105094,23.59147453
53.05599975,99.40116882,0.00000000,55.72200012,55.76399993,9.75069904,23.59386825
53.15200042,99.01258087,0.00000000,55.79738616,55.78800201,9.75125122,0.00000000
53.24800109,99.33113098,0.00000000,55.78899383,55.81200027,9.75080490,23.58858108
53.34400177,99.04773712,0.00000000,55.80375289,55.83599853,9.75101184,23.59231948
53.44000244,99.28394317,0.00000000,55.80577850,55.86000061,9.75110912,23.60053825
53.53600311,98.97082519,0.00000000,55.88541030,55.88400268,9.75126361,0.00000000
53.63200378,99.26470947,0.00000000,55.86705398,55.90800094,9.75116729,23.59774208
53.72799682,99.01482391,0.00000000,55.90548706,55.93199920,9.75108337,23.59420776
53.82399749,99.26892089,0.00000000,55.95321655,55.95600128,9.75112438,23.58717346
53.91999816,99.37387084,0.00000000,53.45893096,55.97999954,9.75084495,24.41829109
54.01599884,99.50582122,0.00000000,55.95779418,56.00399780,9.75132179,23.67721748
54.11199951,99.61336517,0.00000000,55.99837493,56.02799987,9.75049972,23.67313385
54.20800018,98.99985504,0.00000000,56.02512359,56.05200195,9.75059700,23.67311477
54.30400085,99.28205108,0.00000000,56.06665802,56.07600021,9.75069427,23.66813278
54.40000152,98.85453796,0.00000000,56.08372879,56.09999847,9.75113582,23.67070007
54.49600219,99.23934936,0.00000000,56.11767959,56.12400054,9.75071716,23.66790580
54.59200286,98.94359588,0.00000000,56.18498611,56.14800262,9.75093555,0.00000000
54.68800354,99.16947937,0.00000000,56.15763854,56.17200088,9.75080490,23.66963958
54.78399658,98.86756896,0.00000000,56.20405960,56.19599914,9.75109004,0.00000000
54.87999725,99.16316223,0.00000000,56.19163513,56.22000122,9.75101470,23.67445182
54.97599792,98.95127105,0.00000000,56.24539947,56.24399948,9.75090885,0.00000000
55.07199859,99.16818237,0.00000000,56.23149871,56.26799774,9.75102043,23.67794609
55.16799926,99.32575988,0.00000000,56.25295639,56.29199981,9.75068187,23.67988204
55.26399993,99.19679260,0.00000000,56.28609848,56.31600189,9.75101566,23.67803382
55.36000061,99.27910614,0.00000000,56.29062652,56.34000015,9.75084209,23.68535804
55.45600128,98.81377410,0.00000000,56.30154800,56.36399841,9.75109767,23.69115447
55.55200195,99.21765899,0.00000000,53.91445159,56.38800048,9.75079822,24.48869132
55.64800262,99.10795593,0.00000000,56.34858703,56.41200256,9.75119113,23.76755142
55.74400329,99.48139190,0.00000000,56.42297363,56.43600082,9.75035953,23.75282669
55.83999633,98.86294555,0.00000000,56.46918106,56.45999908,9.75036144,0.00000000
55.93599700,99.12836456,0.00000000,56.47869110,56.48400115,9.75083637,23.75039291
56.03199768,98.84030914,0.00000000,56.46472167,56.50799942,9.75098228,23.76308250
56.12799835,99.12002563,0.00000000,56.50422668,56.53199768,9.75118827,23.75926399
56.22399902,98.82003021,0.00000000,56.55736923,56.55599975,9.75095844,0.00000000
56.31999969,99.10334014,0.00000000,56.55667877,56.58000183,9.75113391,23.75858688
56.41600036,99.25508117,0.00000000,56.59005737,56.60400009,9.75084018,23.75619125
56.51200103,99.15422821,0.00000000,56.62610626,56.62799835,9.75115013,23.75263404
56.60800170,99.25193023,0.00000000,56.67174148,56.65200042,9.75077819,0.00000000
56.70400238,98.97506713,0.00000000,56.66492080,56.67600250,9.75109767,23.75512886
56.80000305,99.17028808,0.00000000,56.70251846,56.70000076,9.75061035,0.00000000
56.89600372,98.78225708,0.00000000,56.66475296,56.72399902,9.75103473,23.77128028
56.99199676,99.14936065,0.00000000,56.68640136,56.74800109,9.75066089,23.77383422
57.08799743,98.78759002,0.00000000,56.72757720,56.77199935,9.75109577,23.77001380
57.18399810,99.08244323,0.00000000,54.31914520,56.79599761,9.75082874,24.57404899
57.27999877,99.06434631,0.00000000,56.72955703,56.81999969,9.75109767,23.86083793
57.37599945,99.36164093,0.00000000,56.82828521,56.84400177,9.75076103,23.83889198
57.47200012,99.15023040,0.00000000,56.83259963,56.86800003,9.75022792,23.84585952
57.56800079,98.98878479,0.00000000,56.85153198,56.89199829,9.75102424,23.84859275
57.66400146,99.18639373,0.00000000,56.89146804,56.91600036,9.75063705,23.84454727
57.76000213,98.76369476,0.00000000,56.91833496,56.94000244,9.75119972,23.84433746
57.85600280,99.10461425,0.00000000,56.99992370,56.96400070,9.75097656,0.00000000
57.95200347,98.75313568,0.00000000,56.99057769,56.98799896,9.75111389,0.00000000
58.04799652,99.07112884,0.00000000,57.01375198,57.01200103,9.75118541,0.00000000
58.14399719,99.23451232,0.00000000,56.98178100,57.03599929,9.75071430,23.85451889
58.23999786,98.97499084,0.00000000,57.01213073,57.05999755,9.75113391,23.85404968
58.33599853,99.08671569,0.00000000,57.04179000,57.08399963,9.75065517,23.85361862
58.43199920,98.70872497,0.00000000,57.06241226,57.10800170,9.75102710,23.85600090
58.52799987,99.04676818,0.00000000,57.07013702,57.13199996,9.75080490,23.86273765
58.62400054,99.04237365,0.00000000,57.10401535,57.15599822,9.75094509,23.86133384
58.72000122,99.00227355,0.00000000,57.11841583,57.18000030,9.75111103,23.86606216
58.81600189,99.08057403,0.00000000,54.72026062,57.20400238,9.75077152,24.66722106
58.91200256,99.01378631,0.00000000,57.16548156,57.22800064,9.75108718,23.94272994
59.00800323,99.35927581,0.00000000,57.23090362,57.25199890,9.75029087,23.93093490
59.10399627,98.85672760,0.00000000,57.20198440,57.27600097,9.75053119,23.94903373
59.19999694,98.98181152,0.00000000,57.26096725,57.29999923,9.75098991,23.93970870
59.29599761,99.07281494,0.00000000,57.30948638,57.32399749,9.75074005,23.93278694
59.39199829,98.69377899,0.00000000,57.31291961,57.34799957,9.75095081,23.94001197
59.48799896,99.05826568,0.00000000,57.36251068,57.37200164,9.75068187,23.93262100
59.58399963,98.73646545,0.00000000,57.36570358,57.39599990,9.75110149,23.93976974
59.68000030,98.94158935,0.00000000,57.42001724,57.41999816,9.75101566,0.00000000
59.77600097,99.02466583,0.00000000,57.41763305,57.44400024,9.75066471,23.93938064
59.87200164,98.86369323,0.00000000,57.43947219,57.46800231,9.75108718,23.94088745
59.96800231,99.04894256,0.00000000,57.46297836,57.49200057,9.75074195,23.94190788
60.06400299,98.65574645,0.00000000,57.50684738,57.51599884,9.75101757,23.93621826
60.16000366,98.98777008,0.00000000,57.53243255,57.54000091,9.75074195,23.93597030
60.25599670,98.70902252,0.00000000,57.60202407,57.56399917,9.75096225,0.00000000
60.35199737,98.96364593,0.00000000,57.57928085,57.58799743,9.75111103,23.93543624
60.44799804,99.08160400,0.00000000,55.16133499,57.61199951,9.75069332,24.74154090
60.54399871,98.93543243,0.00000000,57.59720993,57.63600158,9.75106430,24.01914405
60.63999938,99.29954528,0.00000000,57.64369964,57.65999984,9.75030899,24.01288604
60.73600006,98.69332885,0.00000000,57.67596054,57.68399810,9.75042533,24.01064682
60.83200073,98.93350219,0.00000000,57.73544311,57.70800018,9.75105667,0.00000000
60.92800140,98.74394989,0.00000000,57.72481155,57.73200225,9.75076580,24.00978660
61.02400207,98.60690307,0.00000000,57.75821304,57.75600051,9.75112438,0.00000000
61.12000274,99.04393005,0.00000000,57.79874420,57.77999877,9.75074195,0.00000000
61.21600341,98.65399932,0.00000000,57.78842163,57.80400085,9.75103569,24.01214027
61.31199645,98.99438476,0.00000000,57.78947067,57.82799911,9.75069236,24.02018165
61.40799713,98.69559478,0.00000000,57.85179138,57.85199737,9.75104141,24.00869178
61.50399780,98.97270202,0.00000000,57.82947540,57.87599945,9.75103569,24.02398490
61.59999847,99.04343414,0.00000000,57.86027908,57.90000152,9.75058650,24.02313423
61.69599914,98.79431915,0.00000000,57.88831710,57.92399978,9.75104236,24.02299118
61.79199981,99.08483886,0.00000000,57.94060516,57.94799804,9.75075054,24.01472663
61.88800048,98.69091033,0.00000000,57.94196319,57.97200012,9.75106906,24.02242088
61.98400115,98.92274475,0.00000000,58.03606796,57.99600219,9.75126552,0.00000000
62.08000183,98.75468444,0.00000000,58.01797103,58.02000045,9.75095272,24.01287841
62.17600250,99.30751037,0.00000000,57.97007369,58.04399871,9.75113868,24.03666305
62.27200317,99.38224029,0.00000000,58.03065490,58.06800079,9.75035953,24.02681159
62.36799621,98.60059356,0.00000000,58.09865188,58.09199905,9.75054168,0.00000000
62.46399688,98.93476104,0.00000000,58.09209442,58.11599731,9.75117588,24.02329635
62.55999755,98.66295623,0.00000000,58.11515045,58.13999938,9.75111961,24.02432441
62.65599822,99.03314971,0.00000000,58.14952850,58.16400146,9.75093746,24.02164459
62.75199890,99.09457397,0.00000000,58.17222595,58.18799972,9.75060653,24.02251052
62.84799957,98.72238922,0.00000000,58.18228912,58.21199798,9.75096130,24.02758216
62.94400024,99.00941467,0.00000000,58.25891494,58.23600006,9.75070953,0.00000000
63.04000091,98.69224548,0.00000000,58.27429580,58.26000213,9.75106811,0.00000000
63.13600158,98.99972534,0.00000000,58.28211593,58.28400039,9.75080013,24.01817131
63.23200225,99.01254272,0.00000000,58.26702117,58.30799865,9.75094890,24.03112983
63.32800292,98.99114227,0.00000000,58.30564498,58.33200073,9.75104522,24.02753448
63.42400360,99.08143615,0.00000000,58.33249282,58.35600280,9.75073432,24.02738761
63.51999664,98.68740844,0.00000000,58.36544036,58.37999725,9.75113010,24.02513885
63.61599731,99.01553344,0.00000000,58.39533996,58.40399932,9.75071430,24.02362823
63.71199798,98.75618743,0.00000000,55.96912002,58.42800140,9.75104141,24.83246231
63.80799865,99.29425048,0.00000000,58.43768310,58.45199966,9.75108814,24.09952163
63.90399932,99.39117431,0.00000000,58.48641586,58.47599792,9.75027942,0.00000000
64.00000000,98.65355682,0.00000000,58.51116180,58.50000000,9.75095272,0.00000000
64.09600067,99.04965972,0.00000000,58.49957656,58.52400207,9.75069332,24.10264015
64.19200134,98.88040924,0.00000000,58.53440856,58.54800033,9.75112915,24.09979820
64.28800201,99.10020446,0.00000000,58.54704666,58.57199859,9.75099468,24.10395622
64.38400268,99.25274658,0.00000000,58.58369064,58.59600067,9.75075912,24.10053062
64.48000335,99.00897979,0.00000000,58.58567047,58.62000274,9.75118255,24.10816764
64.57599639,99.64212036,0.00000000,58.59909057,58.64399719,9.75092315,24.11268806
64.67199707,100.05410766,0.00000000,58.65933990,58.66799926,9.75111103,24.10207176
64.76799774,100.58032226,0.00000000,58.68411254,58.69200134,9.75116443,24.10207748
64.86399841,101.58638763,0.00000000,58.74395370,58.71599960,9.75076389,0.00000000
64.95999908,102.52968597,0.00000000,58.75637817,58.73999786,9.75100994,0.00000000
65.05599975,104.51429748,0.00000000,58.71463012,58.76399993,9.75108814,24.11467361
65.15200042,106.87191772,0.00000000,58.79240036,58.78800201,9.75076580,0.00000000
65.24800109,109.26201629,0.00000000,58.78138732,58.81200027,9.75115299,24.10983276
65.34400177,112.68049621,0.00000000,56.30538558,58.83599853,9.75074195,24.93575096
65.44000244,116.32602691,0.00000000,58.78319931,58.86000061,9.75113296,24.20191192
65.53600311,120.60154724,0.00000000,58.83221817,58.88400268,9.75074577,24.19595909
65.63200378,124.57910156,0.00000000,58.86106491,58.90800094,9.75000667,24.19591331
65.72799682,128.27046203,0.00000000,58.87441635,58.93199920,9.75103378,24.20083618
65.82399749,132.35385131,0.00000000,58.90343475,58.95600128,9.75087356,24.20090866
65.91999816,135.29165649,0.00000000,58.94503784,58.97999954,9.75105667,24.19667625
66.01599884,138.06901550,0.00000000,58.95791244,59.00399780,9.75108623,24.20139694
66.11199951,139.84205627,0.00000000,58.99822998,59.02799987,9.75072097,24.19739341
66.20800018,140.11466979,0.00000000,59.02278518,59.05200195,9.75109958,24.19810485
66.30400085,140.31794738,0.00000000,59.09850692,59.07600021,9.75081729,0.00000000
66.40000152,138.93238830,0.00000000,59.09056854,59.09999847,9.75109767,24.19177627
66.49600219,137.49243164,0.00000000,59.06567764,59.12400054,9.75093746,24.20819473
66.59200286,135.39218139,0.00000000,59.11052322,59.14800262,9.75065517,24.20306777
66.68800354,132.26838684,0.00000000,59.16061401,59.17200088,9.75092983,24.19558143
66.78399658,129.66311645,0.00000000,59.19814300,59.19599914,9.75108814,0.00000000
66.87999725,126.63960266,0.00000000,59.18412399,59.22000122,9.75100803,24.20394134
66.97599792,123.70300292,0.00000000,56.73885345,59.24399948,9.75109386,25.01987457
67.07199859,121.54821014,0.00000000,59.21297073,59.26799774,9.75078296,24.28649139
67.16799926,118.58272552,0.00000000,59.24737548,59.29199981,9.75068378,24.28470802
67.26399993,116.22817993,0.00000000,59.26609039,59.31600189,9.75050926,24.28779029
67.36000061,113.89376068,0.00000000,59.29198455,59.34000015,9.75107574,24.28866195
67.45600128,112.42760467,0.00000000,59.34376907,59.36399841,9.75113010,24.28093528
67.55200195,110.87976837,0.00000000,59.39369201,59.38800048,9.75069332,0.00000000
67.64800262,108.98480987,0.00000000,59.43169784,59.41200256,9.75094318,0.00000000
67.74400329,108.13481903,0.00000000,59.39958190,59.43600082,9.75076961,24.28612327
67.83999633,106.76771545,0.00000000,59.41562652,59.45999908,9.75080680,24.28983879
67.93599700,106.16377258,0.00000000,59.43436813,59.48400115,9.75077533,24.29290771
68.03199768,105.03688812,0.00000000,59.49778747,59.50799942,9.75103569,24.28138542
68.12799835,104.56778717,0.00000000,59.47423171,59.53199768,9.75066375,24.29738616
68.22399902,103.76374816,0.00000000,59.51545333,59.55599975,9.75106906,24.29343414
68.31999969,103.52797698,0.00000000,59.52630233,59.58000183,9.75100040,24.29899215
68.41600036,102.76622009,0.00000000,59.52584838,59.60400009,9.75109386,24.30867195
68.51200103,102.60523223,0.00000000,59.58664703,59.62799835,9.75097751,24.29887199
68.60800170,102.03350067,0.00000000,57.17330169,59.65200042,9.75126361,25.10443687
68.70400238,102.30703735,0.00000000,59.60993957,59.67600250,9.75101470,24.38262939
68.80000305,102.12283325,0.00000000,59.70687866,59.70000076,9.75028514,0.00000000
68.89600372,101.50508880,0.00000000,59.68096542,59.72399902,9.75107955,24.37680435
68.99199676,101.43481445,0.00000000,59.71164703,59.74800109,9.75064945,24.37589073
69.08799743,101.05319976,0.00000000,59.71837234,59.77199935,9.75113868,24.38268280
69.18399810,101.06888580,0.00000000,59.77964401,59.79599761,9.75066280,24.37199020
69.27999877,100.46431732,0.00000000,59.76951217,59.81999969,9.75086021,24.38374519
69.37599945,100.69750213,0.00000000,59.81219100,59.84400177,9.75051784,24.37909507
69.47200012,100.30295562,0.00000000,59.84683227,59.86800003,9.75102806,24.37653732
69.56800079,100.45993804,0.00000000,59.84549713,59.89199829,9.75091266,24.38553237
69.66400146,100.03701782,0.00000000,59.91075134,59.91600036,9.75105667,24.37331390
69.76000213,100.19480133,0.00000000,59.93657302,59.94000244,9.75108528,24.37286758
69.85600280,100.28988647,0.00000000,59.96303558,59.96400070,9.75068664,24.37215995
69.95200347,99.81938171,0.00000000,59.99625015,59.98799896,9.75094985,0.00000000
70.04799652,100.08126831,0.00000000,60.03551483,60.01200103,9.75067043,0.00000000
70.14399719,99.66498565,0.00000000,60.00609588,60.03599929,9.75098228,24.38078308
70.23999786,99.88778686,0.00000000,57.63287734,60.05999755,9.75091457,25.17276191
70.33599853,100.11254119,0.00000000,60.02631378,60.08399963,9.75098991,24.46366310
70.43199920,100.04327392,0.00000000,60.10165405,60.10800170,9.75073909,24.44845008
70.52799987,99.82612609,0.00000000,60.09743499,60.13199996,9.75009536,24.45795440
70.62400054,99.39845275,0.00000000,60.14900207,60.15599822,9.75100803,24.44989204
70.72000122,99.67437744,0.00000000,60.21287536,60.18000030,9.75074958,0.00000000
70.81600189,99.31892395,0.00000000,60.20686721,60.20400238,9.75107479,0.00000000
70.91200256,99.51573944,0.00000000,60.18397903,60.22800064,9.75100803,24.46125030
71.00800323,99.69159698,0.00000000,60.23159027,60.25199890,9.75072479,24.45477867
71.10399627,99.53816223,0.00000000,60.28197097,60.27600097,9.75108718,0.00000000
71.19999694,99.53389739,0.00000000,60.24451446,60.29999923,9.75076103,24.46678924
71.29599761,99.03955078,0.00000000,60.25960540,60.32399749,9.75101375,24.47139167
71.39199829,99.43702697,0.00000000,60.27526855,60.34799957,9.75060176,24.47607803
71.48799896,99.09946441,0.00000000,60.29935073,60.37200164,9.75085067,24.47823333
71.58399963,99.36055755,0.00000000,60.34617614,60.39599990,9.75063705,24.47287940
71.68000030,99.01642608,0.00000000,60.36310195,60.41999816,9.75106716,24.47670745
71.77600097,99.29486083,0.00000000,60.39395523,60.44400024,9.75103187,24.47615242
71.87200164,99.18859863,0.00000000,58.03110885,60.46800231,9.75078105,25.26531600
71.96800231,99.43399047,0.00000000,60.43863296,60.49200057,9.75114631,24.55185890
72.06400299,99.57575988,0.00000000,60.46972274,60.51599884,9.75028514,24.55112266
72.16000366,98.99978637,0.00000000,60.48894119,60.54000091,9.75041198,24.55408668
72.25599670,99.34420776,0.00000000,60.54887771,60.56399917,9.75060081,24.54375839
72.35199737,98.91233062,0.00000000,60.57973098,60.58799743,9.75112628,24.54195213
72.44799804,99.21669769,0.00000000,60.60013961,60.61199951,9.75060558,24.54338645
72.54399871,98.78263854,0.00000000,60.64951705,60.63600158,9.75111103,0.00000000
72.63999938,99.20823669,0.00000000,60.62674713,60.65999984,9.75076675,24.55039787
72.73600006,98.78949737,0.00000000,60.65085220,60.68399810,9.75110340,24.55135917
72.83200073,99.12981414,0.00000000,60.67526626,60.70800018,9.75084972,24.55221748
72.92800140,98.72987365,0.00000000,60.70351791,60.73200225,9.75110530,24.55179595
73.02400207,99.12006378,0.00000000,60.74271392,60.75600051,9.75084400,24.54763603
73.12000274,98.72440338,0.00000000,60.77132415,60.77999877,9.75114154,24.54651260
73.21600341,99.08220672,0.00000000,60.79530715,60.80400085,9.75086212,24.54677963
73.31199645,98.66440582,0.00000000,60.80868530,60.82799911,9.75098419,24.55054473
73.40799713,99.03121948,0.00000000,60.85305404,60.85199737,9.75058078,0.00000000
73.50399780,98.70957946,0.00000000,60.87589263,60.87599945,9.75089263,24.54475402
73.59999847,99.23992919,0.00000000,60.88996124,60.90000152,9.75078868,24.54803276
73.69599914,98.92884826,0.00000000,60.91728210,60.92399978,9.75054550,24.54723930
73.79199981,98.92583465,0.00000000,60.95743179,60.94799804,9.75002956,0.00000000
73.88800048,98.68339538,0.00000000,60.98180007,60.97200012,9.75109386,0.00000000
73.98400115,98.97643280,0.00000000,60.95147323,60.99600219,9.75070571,24.55934333
74.08000183,98.61794281,0.00000000,60.96818542,61.02000045,9.75112152,24.56308364
74.17600250,99.00867462,0.00000000,61.04092788,61.04399871,9.75080394,24.54855346
74.27200317,98.58351135,0.00000000,61.03620529,61.06800079,9.75099468,24.55812454
74.36799621,99.01576995,0.00000000,61.04788970,61.09199905,9.75064659,24.56314277
74.46399688,98.92636871,0.00000000,61.09828948,61.11599731,9.75103950,24.55575370
74.55999755,98.69192504,0.00000000,61.15553665,61.13999938,9.75102138,0.00000000
74.65599822,98.90104675,0.00000000,61.14413833,61.16400146,9.75077724,24.55652999
74.75199890,98.63166809,0.00000000,61.15219879,61.18799972,9.75104331,24.56238555
74.84799957,99.01551818,0.00000000,61.16631317,61.21199798,9.75068187,24.56672096
74.94400024,98.87366485,0.00000000,61.20870208,61.23600006,9.75122833,24.56202316
75.04000091,98.94113159,0.00000000,61.23221206,61.26000213,9.75068378,24.56300163
75.13600158,98.93744659,0.00000000,58.80236816,61.28400039,9.75111293,25.37360382
75.23200225,98.92559051,0.00000000,61.28609466,61.30799865,9.75123310,24.63634109
75.32800292,99.18156433,0.00000000,61.31480026,61.33200073,9.75061702,24.63544464
75.42400360,98.64804077,0.00000000,61.33208465,61.35600280,9.75045871,24.63817787
75.51999664,99.04876708,0.00000000,61.36894226,61.37999725,9.75064277,24.63465118
75.61599731,98.69216918,0.00000000,61.39266586,61.40399932,9.75106811,24.63507461
75.71199798,99.02724456,0.00000000,61.41903686,61.42800140,9.75067234,24.63463211
75.80799865,98.68551635,0.00000000,61.45911407,61.45199966,9.75092983,0.00000000
75.90399932,99.17355346,0.00000000,61.47332382,61.47599792,9.75072860,24.63261413
76.00000000,98.73192596,0.00000000,61.51959991,61.50000000,9.75098896,0.00000000
76.09600067,99.13832092,0.00000000,61.52117538,61.52400207,9.75073432,24.63215637
76.19200134,98.74372863,0.00000000,61.50131225,61.54800033,9.75101566,24.64671516
76.28800201,99.20968627,0.00000000,61.54883193,61.57199859,9.75065803,24.64035606
76.38400268,98.80442810,0.00000000,61.57274246,61.59600067,9.75105667,24.64108085
76.48000335,99.23398590,0.00000000,61.57210159,61.62000274,9.75074195,24.64991188
76.57599639,99.19813537,0.00000000,61.66553497,61.64399719,9.75118732,0.00000000
76.67199707,99.30966949,0.00000000,61.69648361,61.66799926,9.75082874,0.00000000
76.76799774,99.22607421,0.00000000,61.66644287,61.69200134,9.75081920,24.64247322
76.86399841,99.22914123,0.00000000,61.66119766,61.71599960,9.75102901,24.65289115
76.95999908,99.60352325,0.00000000,61.69724655,61.73999786,9.75020503,24.65055656
77.05599975,99.00898742,0.00000000,61.73520278,61.76399993,9.75057411,24.64723396
77.15200042,99.41886901,0.00000000,61.74433517,61.78800201,9.75081157,24.65300559
77.24800109,99.30944824,0.00000000,61.78710556,61.81200027,9.75094509,24.64812278
77.34400177,98.98473358,0.00000000,61.76698303,61.83599853,9.75085735,24.66342926
77.44000244,99.25514221,0.00000000,61.82003021,61.86000061,9.75108528,24.65591430
77.53600311,99.04611206,0.00000000,61.86628341,61.88400268,9.75101375,24.64977073
77.63200378,99.39930725,0.00000000,61.88106536,61.90800094,9.75077819,24.65334510
77.72799682,99.00231933,0.00000000,61.87474822,61.93199920,9.75106239,24.66415786
77.82399749,99.34444427,0.00000000,61.96112823,61.95600128,9.75055599,0.00000000
77.91999816,99.04639434,0.00000000,61.97383499,61.97999954,9.75086021,24.64886283
78.01599884,99.45966339,0.00000000,61.99078750,62.00399780,9.75050163,24.65137290
78.11199951,98.98448181,0.00000000,61.99817657,62.02799987,9.75090980,24.65724945
78.20800018,99.37265777,0.00000000,62.01756286,62.05200195,9.75078105,24.65966796
78.30400085,99.02667999,0.00000000,62.06908416,62.07600021,9.75082397,24.65161895
78.40000152,99.38825225,0.00000000,59.66708755,62.09999847,9.75066375,25.45240402
78.49600219,99.34403228,0.00000000,62.09776687,62.12400054,9.75114727,24.73118782
78.59200286,99.54560852,0.00000000,62.09206771,62.14800262,9.75077533,24.74177551
78.68800354,99.34797668,0.00000000,62.14583206,62.17200088,9.75018215,24.73363113
78.78399658,99.16895294,0.00000000,62.19124984,62.19599914,9.75110149,24.72734642
78.87999725,99.38482666,0.00000000,62.21416091,62.22000122,9.75070476,24.72785186
78.97599792,98.98337554,0.00000000,62.23857498,62.24399948,9.75091743,24.72788810
79.07199859,99.25483703,0.00000000,62.26472854,62.26799774,9.75084018,24.72733879
79.16799926,99.03501892,0.00000000,62.31644439,62.29199981,9.75075817,0.00000000
79.26399993,99.30323791,0.00000000,62.32917404,62.31600189,9.75109767,0.00000000
79.36000061,99.36385345,0.00000000,62.32333374,62.34000015,9.75061511,24.73073196
79.45600128,98.87718963,0.00000000,62.39995956,62.36399841,9.75105857,0.00000000
79.55200195,99.30855560,0.00000000,62.31985092,62.38800048,9.75085830,24.74714088
79.64800262,98.95146179,0.00000000,62.37218475,62.41200256,9.75122261,24.73983573
79.74400329,99.26851654,0.00000000,62.37139892,62.43600082,9.75058746,24.74920845
79.83999633,98.87482452,0.00000000,62.41603088,62.45999908,9.75097370,24.74433898
79.93599700,99.27274322,0.00000000,62.39838790,62.48400115,9.75074768,24.75939941
80.03199768,98.89822387,0.00000000,60.04648208,62.50799942,9.75093555,25.54601478
80.12799835,99.53089904,0.00000000,62.47935485,62.53199768,9.75073051,24.82493209
80.22399902,99.07052612,0.00000000,62.56354141,62.55599975,9.75078868,0.00000000
80.31999969,99.27398681,0.00000000,62.52188873,62.58000183,9.75080108,24.82808876
80.41600036,99.03891754,0.00000000,62.54136657,62.60400009,9.75113391,24.83132553
80.51200103,99.31394195,0.00000000,62.56313323,62.62799835,9.75070667,24.83394050
80.60800170,99.12715148,0.00000000,62.58237457,62.65200042,9.75103569,24.83745956
80.70400238,98.86750793,0.00000000,62.60226058,62.67600250,9.75073432,24.84090614
80.80000305,99.12610626,0.00000000,62.58962249,62.70000076,9.75101470,24.85520744
80.89600372,98.82013702,0.00000000,62.62948608,62.72399902,9.75104904,24.85328292
80.99199676,99.12380218,0.00000000,62.67724227,62.74800109,9.75079059,24.84827804
81.08799743,98.76973724,0.00000000,62.69721984,62.77199935,9.75096511,24.85172843
81.18399810,99.15497589,0.00000000,62.75005340,62.79599761,9.75072479,24.84445571
81.27999877,99.07038879,0.00000000,62.76774597,62.81999969,9.75112724,24.84791755
81.37599945,98.75521087,0.00000000,62.78472137,62.84400177,9.75098609,24.85180282
81.47200012,99.16862487,0.00000000,62.80904006,62.86800003,9.75072383,24.85347366
81.56800079,99.08476257,0.00000000,62.81829071,62.89199829,9.75105476,24.86010932
81.66400146,98.82439422,0.00000000,60.47761535,62.91600036,9.75105476,25.64266586
81.76000213,99.39087677,0.00000000,62.86606979,62.94000244,9.75096797,24.93554687
81.85600280,99.26782226,0.00000000,62.95914840,62.96400070,9.75071144,24.91496849
81.95200347,98.79911041,0.00000000,62.95278167,62.98799896,9.75057220,24.92513465
82.04799652,99.12628936,0.00000000,62.97082901,63.01200103,9.75076580,24.92815780
82.14399719,98.96008300,0.00000000,63.00592422,63.03599929,9.75105476,24.92572975
82.23999786,98.69669342,0.00000000,63.03561019,63.05999755,9.75099182,24.92475700
82.33599853,99.15180969,0.00000000,63.05952072,63.08399963,9.75067615,24.92551994
82.43199920,99.00959014,0.00000000,63.10627746,63.10800170,9.75113296,24.91874313
82.52799987,98.65363311,0.00000000,63.11288070,63.13199996,9.75100994,24.92453575
82.62400054,98.85102844,0.00000000,63.13657760,63.15599822,9.75083827,24.92521095
82.72000122,98.97746276,0.00000000,63.16566467,63.18000030,9.75089263,24.92411422
82.81600189,98.97876739,0.00000000,63.23785781,63.20400238,9.75118541,0.00000000
82.91200256,98.67100524,0.00000000,63.23008728,63.22800064,9.75105094,0.00000000
83.00800323,98.96455383,0.00000000,63.25726699,63.25199890,9.75088691,0.00000000
83.10399627,98.91802215,0.00000000,63.22593688,63.27600097,9.75121688,24.93509674
83.19999694,98.69170379,0.00000000,63.24214935,63.29999923,9.75125885,24.93916893
83.29599761,98.69355010,0.00000000,60.85970687,63.32399749,9.75112819,25.73502731
83.39199829,99.32327270,0.00000000,63.24687194,63.34799957,9.75077056,25.02911376
83.48799896,99.15633392,0.00000000,63.34445571,63.37200164,9.75048542,25.00786590
83.58399963,98.72674560,0.00000000,63.34207153,63.39599990,9.75032043,25.01739883
83.68000030,98.72120666,0.00000000,63.36963272,63.41999816,9.75112724,25.01784133
83.77600097,98.94945526,0.00000000,63.40196228,63.44400024,9.75076580,25.01660537
83.87200164,98.86500549,0.00000000,63.43574523,63.46800231,9.75108528,25.01463890
83.96800231,98.65087127,0.00000000,63.48142623,63.49200057,9.75113582,25.00844955
84.06400299,98.95054626,0.00000000,63.51709365,63.51599884,9.75078296,0.00000000
84.16000366,98.81809997,0.00000000,63.48624420,63.54000091,9.75118541,25.02298736
84.25599670,98.46045684,0.00000000,63.51235198,63.56399917,9.75121116,25.02390289
84.35199737,98.87475585,0.00000000,63.54489517,63.58799743,9.75074481,25.02263450
84.44799804,98.79608154,0.00000000,63.55359649,63.61199951,9.75114536,25.02897834
84.54399871,98.49768829,0.00000000,63.60092163,63.63600158,9.75098991,25.02303314
84.63999938,98.77082824,0.00000000,63.65607070,63.65999984,9.75064373,25.01380538
84.73600006,98.47103118,0.00000000,63.66717910,63.68399810,9.75096225,25.01817703
84.83200073,98.96267700,0.00000000,63.70256042,63.70800018,9.75076580,25.01492881
84.92800140,98.81161499,0.00000000,61.30924224,63.73200225,9.75098323,25.81280517
85.02400207,98.77380371,0.00000000,63.69969940,63.75600051,9.75068187,25.10455703
85.12000274,98.98343658,0.00000000,63.75036239,63.77999877,9.75059413,25.09744644
85.21600341,98.50271606,0.00000000,63.82398605,63.80400085,9.75050163,0.00000000
85.31199645,98.81108856,0.00000000,63.81335449,63.82799911,9.75083160,25.09278869
85.40799713,98.45335388,0.00000000,63.85445785,63.85199737,9.75096893,0.00000000
85.50399780,98.80618286,0.00000000,63.88259124,63.87599945,9.75066947,0.00000000
85.59999847,98.45152282,0.00000000,63.87045669,63.90000152,9.75109767,25.09787368
85.69599914,98.83305358,0.00000000,63.90666961,63.92399978,9.75077247,25.09473037
85.79199981,98.41509246,0.00000000,63.91568374,63.94799804,9.75094509,25.10019493
85.88800048,98.78657531,0.00000000,63.91577911,63.97200012,9.75061511,25.10905456
85.98400115,98.46974182,0.00000000,63.94524765,63.99600219,9.75102424,25.10893630
86.08000183,98.82055664,0.00000000,63.96460723,64.02000427,9.75065135,25.11199188
86.17600250,98.44194793,0.00000000,64.00595092,64.04399871,9.75098419,25.10792922
86.27200317,98.78874206,0.00000000,64.06423950,64.06800079,9.75069236,25.09775733
86.36799621,98.49041748,0.00000000,64.08765411,64.09199523,9.75095081,25.09806060
86.46399688,98.80970764,0.00000000,64.06063842,64.11599731,9.75059509,25.11502456
86.55999755,98.42908477,0.00000000,61.71021652,64.13999938,9.75097942,25.90024566
86.65599822,99.08647918,0.00000000,64.12844848,64.16400146,9.75078868,25.18304252
86.75199890,98.64749145,0.00000000,64.18540954,64.18800354,9.75057792,25.17323303
86.84799957,98.82731628,0.00000000,64.19348907,64.21199798,9.75015830,25.17856216
86.94400024,98.68662261,0.00000000,64.23712158,64.23600006,9.75115013,0.00000000
87.04000091,98.76556396,0.00000000,64.24651336,64.26000213,9.75067806,25.17742729
87.13600158,98.62300109,0.00000000,64.26763916,64.28399658,9.75105094,25.17877960
87.23200225,98.83628845,0.00000000,64.24641418,64.30799865,9.75068759,25.19419479
87.32800292,98.74191284,0.00000000,64.29336547,64.33200073,9.75098896,25.18847084
87.42400360,98.83986663,0.00000000,64.28833007,64.35600280,9.75076103,25.19921302
87.51999664,98.68553924,0.00000000,64.37869262,64.37999725,9.75109004,25.17934036
87.61599731,98.76403808,0.00000000,64.37824249,64.40399932,9.75062084,25.18744850
87.71199798,98.68946838,0.00000000,64.43123626,64.42800140,9.75095844,0.00000000
87.80799865,98.38293457,0.00000000,64.48235321,64.45199584,9.75103569,0.00000000
87.90399932,98.68904876,0.00000000,64.41836547,64.47599792,9.75103569,25.19773101
88.00000000,98.41506195,0.00000000,64.46537780,64.50000000,9.75102329,25.19186592
88.09600067,98.81752777,0.00000000,64.52515411,64.52400207,9.75058937,0.00000000
88.19200134,98.36071777,0.00000000,64.49556732,64.54800415,9.75105857,25.19874954
88.28800201,98.70830535,0.00000000,64.47431945,64.57199859,9.75113296,25.21525192
88.38400268,98.97447204,0.00000000,64.55519104,64.59600067,9.75051975,25.19941329
88.48000335,98.45399475,0.00000000,64.58411407,64.62000274,9.75029850,25.19901275
88.57599639,98.70868682,0.00000000,64.56997680,64.64399719,9.75056648,25.21267318
88.67199707,98.35098266,0.00000000,64.61834716,64.66799926,9.75078105,25.20685386
88.76799774,98.83753204,0.00000000,64.64047241,64.69200134,9.75064659,25.20896148
88.86399841,98.70610809,0.00000000,64.68322753,64.71600341,9.75091648,25.20431900
88.95999908,98.37999725,0.00000000,64.69593048,64.73999786,9.75079822,25.20903015
89.05599975,98.62722015,0.00000000,64.69406890,64.76399993,9.75074005,25.21888542
89.15200042,98.35720062,0.00000000,64.75830078,64.78800201,9.75093936,25.20771026
89.24800109,98.78111267,0.00000000,64.75949096,64.81199645,9.75056266,25.21612358
89.34400177,98.45471191,0.00000000,64.79072570,64.83599853,9.75088310,25.21531295
89.44000244,98.58788299,0.00000000,64.83559417,64.86000061,9.75067615,25.20978546
89.53600311,98.63279724,0.00000000,64.85679626,64.88400268,9.75102329,25.21143913
89.63200378,98.40238189,0.00000000,64.84761047,64.90800476,9.75095844,25.22320747
89.72799682,98.78527069,0.00000000,64.91728210,64.93199920,9.75057792,25.20994758
89.82399749,98.62579345,0.00000000,62.53469085,64.95600128,9.75094985,26.00456428
89.91999816,98.60855102,0.00000000,64.93690490,64.97999572,9.75109577,25.29239082
90.01599884,99.03038787,0.00000000,64.99385833,65.00399780,9.75039100,25.28281021
90.11199951,98.65466308,0.00000000,65.03878021,65.02799987,9.75030899,0.00000000
90.20800018,98.36551666,0.00000000,65.02947998,65.05200195,9.75096511,25.28687667
90.30400085,98.74254608,0.00000000,65.01235961,65.07600402,9.75069808,25.30112266
90.40000152,98.61938476,0.00000000,65.09480285,65.09999847,9.75093746,25.28374481
90.49600219,98.36978149,0.00000000,65.09384918,65.12400054,9.75095272,25.29213523
90.59200286,98.73659515,0.00000000,65.15229034,65.14800262,9.75066947,0.00000000
90.68800354,98.62572479,0.00000000,65.12677764,65.17199707,9.75101184,25.29788398
90.78399658,98.37528991,0.00000000,65.15441131,65.19599914,9.75095272,25.29804229
90.87999725,98.76467895,0.00000000,65.19632720,65.22000122,9.75071144,25.29337882
90.97599792,98.63387298,0.00000000,65.20333099,65.24400329,9.75109291,25.29969787
91.07199859,98.34181213,0.00000000,65.22574615,65.26799774,9.75102901,25.30144119
91.16799926,98.71442413,0.00000000,65.26117706,65.29199981,9.75070381,25.29893684
91.26399993,98.29367828,0.00000000,65.31033325,65.31600189,9.75106716,25.29156112
91.36000061,98.55957031,0.00000000,65.28720855,65.33999633,9.75102233,25.30728149
91.45600128,98.59944915,0.00000000,62.96393966,65.36399841,9.75109004,26.08346557
91.55200195,98.58880615,0.00000000,65.32154083,65.38800048,9.75107479,25.38537979
91.64800262,98.93962097,0.00000000,65.40403747,65.41200256,9.75030231,25.36807060
91.74400329,98.33872222,0.00000000,65.43712615,65.43600463,9.75040435,0.00000000
91.83999633,98.77745056,0.00000000,65.44640350,65.45999908,9.75084590,25.37013244
91.93599700,98.56910705,0.00000000,65.49093627,65.48400115,9.75120639,0.00000000
92.03199768,98.35093688,0.00000000,65.43589019,65.50799560,9.75108623,25.38964080
92.12799835,98.68830108,0.00000000,65.53366088,65.53199768,9.75073051,0.00000000
92.22399902,98.27398681,0.00000000,65.48809814,65.55599975,9.75111293,25.39036750
92.31999969,98.65502929,0.00000000,65.51475524,65.58000183,9.75073051,25.39152908
92.41600036,98.63745880,0.00000000,65.53495025,65.60400390,9.75105285,25.39474296
92.51200103,98.33834075,0.00000000,65.53463745,65.62799835,9.75112438,25.40483474
92.60800170,98.56478881,0.00000000,65.56966400,65.65200042,9.75103569,25.40399932
92.70400238,98.29209136,0.00000000,65.61732482,65.67600250,9.75104904,25.39866256
92.80000305,98.67704010,0.00000000,65.65129852,65.69999694,9.75082588,25.39712905
92.89600372,98.25072479,0.00000000,65.67588043,65.72399902,9.75110149,25.39839744
92.99199676,98.67179107,0.00000000,65.65191650,65.74800109,9.75068378,25.41567039
93.08799743,98.56101989,0.00000000,63.30297088,65.77200317,9.75115299,26.20162391
93.18399810,98.58535003,0.00000000,65.65954589,65.79599761,9.75125122,25.50594520
93.27999877,98.88242340,0.00000000,65.75325012,65.81999969,9.75041961,25.48703575
93.37599945,98.28560638,0.00000000,65.77291870,65.84400177,9.75039768,25.49046707
93.47200012,98.68134307,0.00000000,65.84024810,65.86799621,9.75077533,25.47829818
93.56800079,98.51873016,0.00000000,65.82668304,65.89199829,9.75114536,25.49152946
93.66400146,98.64572906,0.00000000,65.84568023,65.91600036,9.75093555,25.49514007
93.76000213,98.56476593,0.00000000,65.84725189,65.94000244,9.75110149,25.50465202
93.85600280,98.25484466,0.00000000,65.92731475,65.96400451,9.75097751,25.48893737
93.95200347,98.52569580,0.00000000,65.94009399,65.98799896,9.75072097,25.49373817
94.04799652,98.23015594,0.00000000,65.96565246,66.01200103,9.75100803,25.49466323
94.14399719,98.68015289,0.00000000,66.00191497,66.03599548,9.75065708,25.49200439
94.23999786,98.40280151,0.00000000,66.05062866,66.05999755,9.75112342,25.48487472
94.33599853,98.25357055,0.00000000,66.04824066,66.08399963,9.75102424,25.49386024
94.43199920,98.60009002,0.00000000,66.07070159,66.10800170,9.75086975,25.49544334
94.52799987,98.25749969,0.00000000,66.09380340,66.13200378,9.75114822,25.49685668
94.62400054,98.58833312,0.00000000,66.19584655,66.15599822,9.75073051,0.00000000
94.72000122,98.55702972,0.00000000,66.16773986,66.18000030,9.75117206,25.48824691
94.81600189,98.95018768,0.00000000,66.13659667,66.20400238,9.75122070,25.50681304
94.91200256,98.81019592,0.00000000,66.16454315,66.22799682,9.75059700,25.50753021
95.00800323,98.24723052,0.00000000,66.22013854,66.25199890,9.75056171,25.49901008
95.10399627,98.61193084,0.00000000,66.19801330,66.27600097,9.75073814,25.51518630
95.19999694,98.32262420,0.00000000,66.27466583,66.30000305,9.75107574,25.50015068
95.29599761,98.64694213,0.00000000,66.27764892,66.32399749,9.75090885,25.50784683
95.39199829,98.53774261,0.00000000,66.31035614,66.34799957,9.75100040,25.50636672
95.48799896,98.23123931,0.00000000,66.38741302,66.37200164,9.75113964,0.00000000
95.58399963,98.53910827,0.00000000,66.39046478,66.39599609,9.75081253,25.49643707
95.68000030,98.22942352,0.00000000,66.41220855,66.41999816,9.75108242,25.49734878
95.77600097,98.62453460,0.00000000,66.39609527,66.44400024,9.75074672,25.51082229
95.87200164,98.48191070,0.00000000,66.43981933,66.46800231,9.75115585,25.50574874
95.96800231,98.22014617,0.00000000,66.47613525,66.49200439,9.75113773,25.50253105
96.06399536,98.61992645,0.00000000,66.47209930,66.51599884,9.75078296,25.51225662
96.16000366,98.19127655,0.00000000,66.54186248,66.54000091,9.75110721,0.00000000
96.25599670,98.59852600,0.00000000,66.52159881,66.56399536,9.75061702,25.51301956
96.35200500,98.54306030,0.00000000,64.15415191,66.58799743,9.75103664,26.30347061
96.44799804,98.75541687,0.00000000,66.56784820,66.61199951,9.75108528,25.58788681
96.54400634,98.78657531,0.00000000,66.57824707,66.63600158,9.75052547,25.59370231
96.63999938,98.27974700,0.00000000,66.62120819,66.66000366,9.75035381,25.58917999
96.73599243,98.55665588,0.00000000,66.63689422,66.68399810,9.75080013,25.59308624
96.83200073,98.24997711,0.00000000,66.62802886,66.70800018,9.75104522,25.60534477
96.92799377,98.66193389,0.00000000,66.71140289,66.73199462,9.75079250,25.58815002
97.02400207,98.27017974,0.00000000,66.76792907,66.75599670,9.75098705,0.00000000
97.11999511,98.67299652,0.00000000,66.75896453,66.77999877,9.75072002,25.58855247
97.21600341,98.25672912,0.00000000,66.78724670,66.80400085,9.75110530,25.58777236
97.31199645,98.81343841,0.00000000,66.78221130,66.82800292,9.75067615,25.59785652
97.40800476,98.76637268,0.00000000,66.81079864,66.85200500,9.75103378,25.59771728
97.50399780,98.87125396,0.00000000,66.85021209,66.87599945,9.75073623,25.59386634
97.60000610,98.73615264,0.00000000,66.85659790,66.90000152,9.75106716,25.60045242
97.69599914,98.54741668,0.00000000,66.88234710,66.92399597,9.75074195,25.60117530
97.79200744,98.86811828,0.00000000,66.87593841,66.94799804,9.75115776,25.61245918
97.88800048,98.60016632,0.00000000,66.96198272,66.97200012,9.75107955,25.59414863
97.98399353,98.90467834,0.00000000,64.58723449,66.99600219,9.75120544,26.38603401
98.08000183,99.01892089,0.00000000,66.96171569,67.02000427,9.75113582,25.68264007
98.17599487,99.37345886,0.00000000,67.02446746,67.04399871,9.75051784,25.67159843
98.27200317,98.83680725,0.00000000,67.05487060,67.06800079,9.75057411,25.67007064
98.36799621,99.12156677,0.00000000,67.06247711,67.09199523,9.75071144,25.67587471
98.46400451,98.95312500,0.00000000,67.09049224,67.11599731,9.75106811,25.67543411
98.55999755,99.28847503,0.00000000,67.11048889,67.13999938,9.75074672,25.67752265
98.65600585,98.92430114,0.00000000,67.12612915,67.16400146,9.75107574,25.68116569
98.75199890,99.31880187,0.00000000,67.15460205,67.18800354,9.75077724,25.68082618
98.84800720,99.01824951,0.00000000,67.17660522,67.21200561,9.75098896,25.68248748
98.94400024,99.41693878,0.00000000,67.22492980,67.23600006,9.75070953,25.67551994
99.03999328,99.10055541,0.00000000,67.27111816,67.25999450,9.75101375,0.00000000
99.13600158,99.36864471,0.00000000,67.29414367,67.28399658,9.75066661,0.00000000
99.23199462,99.12197113,0.00000000,67.27192687,67.30799865,9.75107479,25.68346405
99.32800292,99.45324707,0.00000000,67.28089141,67.33200073,9.75097179,25.68950653
99.42399597,99.16230010,0.00000000,67.30997467,67.35600280,9.75112915,25.68936538
99.52000427,99.37207031,0.00000000,67.33158111,67.38000488,9.75115299,25.69153594
99.61599731,99.13359832,0.00000000,64.96522521,67.40399932,9.75106334,26.48180580
99.71200561,99.72192382,0.00000000,67.33310699,67.42800140,9.75117015,25.78148841
99.80799865,99.88826751,0.00000000,67.38162231,67.45199584,9.75036716,25.77624320
99.90400695,99.42873382,0.00000000,67.42837524,67.47599792,9.75040817,25.77084541
100.00000000,99.51524353,0.00000000,67.44422912,67.50000000,9.75081157,25.77496337
100.09599304,99.15844726,0.00000000,67.48094940,67.52400207,9.75111293,25.77243995
100.19200134,99.56045532,0.00000000,67.53830718,67.54800415,9.75069999,25.76272201
100.28799438,99.11876678,0.00000000,67.52162170,67.57199859,9.75097751,25.77643966
100.38400268,99.38555908,0.00000000,67.58439636,67.59600067,9.75083065,25.76515579
100.47999572,99.18763732,0.01617,80.00000000,9.75115585,29.87613487