Experience Name: 20170817 air
Operator Name: 
Start time: 8/17/2017 1:45:36 PM 8/17/2017 1:45:36 PM
Sampling/Pumping time: 120
Waiting time: 20
Lowest Temperature: 50
Low holding time: 0.5
Temperature 1: 80
Temp1 holding time: 0.5
Ramping speed 1: 15
Temperature2: 80
Temp2 holding time: 0
Ramping speed 2: 30.0
Time,PID1,PID2,Temp,Setpoint,pressure,pwm%

0.06399536,102.62592315,0.00000000,50.02875518,50.00000000,9.75118732,0.00000000
0.16000366,102.29384613,0.00000000,50.00040817,50.00000000,9.75042152,0.00000000
0.25599670,102.37972259,0.00000000,50.00138473,50.00000000,9.75040054,0.00000000
0.35200500,102.10504913,0.00000000,50.05643463,50.00000000,9.75074577,0.00000000
0.44799804,101.95884704,0.00000000,50.03070831,50.00000000,9.75071144,0.00000000
0.54400634,102.27569580,0.00000000,50.00197982,50.00000000,9.75070095,0.00000000
0.63999938,102.49121856,8.54248714,49.98562622,50.00000000,9.75030040,21.78334236
0.73599243,102.10166931,0.00000000,50.01568984,50.00000000,9.75079917,0.00000000
0.83200073,101.96554565,8.54528331,49.96390533,50.00000000,9.75082397,21.79047203
0.92799377,102.79452514,8.54566860,49.96421432,50.00000000,9.75177383,21.79145431
1.02400207,102.82064819,8.54541397,49.96943664,50.00000000,9.75135612,21.79080390
1.11999511,102.38589477,0.00000000,50.01948165,50.00000000,9.75145530,0.00000000
1.21600341,102.66241455,0.00000000,50.01692962,50.00000000,9.75119590,0.00000000
1.31199645,102.79844665,0.00000000,50.07638931,50.00000000,9.75077724,0.00000000
1.40800476,103.15008544,0.00000000,50.02622604,50.00000000,9.75107288,0.00000000
1.50399780,103.96097564,0.00000000,50.02861022,50.00000000,9.75091266,0.00000000
1.60000610,104.77784729,0.00000000,50.01335144,50.00000000,9.75071334,0.00000000
1.69599914,105.64944458,8.54054546,49.99337387,50.00000000,9.75085067,21.77839088
1.79200744,105.59667968,0.00000000,50.06594848,50.00000000,9.75124645,0.00000000
1.88800048,105.95027160,0.00000000,50.04935455,50.00000000,9.75116443,0.00000000
1.98399353,106.09331512,0.00000000,50.06308746,50.00000000,9.75099182,0.00000000
2.08000183,105.32488250,0.00000000,50.02591705,50.00000000,9.75129318,0.00000000
2.17599487,104.13985443,8.53773689,49.99711608,50.00000000,9.75155639,21.77122879
2.27200317,103.72329711,0.00000000,50.04217910,50.00000000,9.75195503,0.00000000
2.36799621,102.92172241,0.00000000,50.02524948,50.00000000,9.75155639,0.00000000
2.46400451,102.99301147,0.00000000,50.03199768,50.00000000,9.75172424,0.00000000
2.55999755,102.45884704,0.00000000,50.07026290,50.00000000,9.75175285,0.00000000
2.65600585,102.39490509,8.53576660,49.99718856,50.00000000,9.75172042,21.76620483
2.75199890,102.72059631,0.00000000,50.03476333,50.00000000,9.75141143,0.00000000
2.84800720,102.63570404,0.00000000,50.01285171,50.00000000,9.75126171,0.00000000
2.94400024,102.74584960,0.00000000,50.02153015,50.00000000,9.75080966,0.00000000
3.03999328,103.07360076,0.00000000,50.03369140,50.00000000,9.75098133,0.00000000
3.13600158,103.96510314,8.53734683,49.97587203,50.00000000,9.75109386,21.77023506
3.23199462,104.93603515,0.00000000,50.01583099,50.00000000,9.75120544,0.00000000
3.32800292,105.92640686,0.00000000,50.01118469,50.00000000,9.75120639,0.00000000
3.42399597,106.19124603,8.53691577,49.97895050,50.00000000,9.75091743,21.76913452
3.52000427,105.73599243,8.53645133,49.98445510,50.00000000,9.75121688,21.76795005
3.61599731,105.76032257,0.00000000,50.00341033,50.00000000,9.75137710,0.00000000
3.71200561,105.58663940,0.00000000,50.01673889,50.00000000,9.75144290,0.00000000
3.80799865,104.88811492,0.00000000,50.02429580,50.00000000,9.75137710,0.00000000
3.90400695,103.99313354,0.00000000,50.01836013,50.00000000,9.75182628,0.00000000
4.00000000,102.55995178,8.53445816,49.99554443,50.00000000,9.75188255,21.76286888
4.09599304,102.76701354,0.00000000,50.01745223,50.00000000,9.75204753,0.00000000
4.19200134,102.89785003,0.00000000,50.02179336,50.00000000,9.75178337,0.00000000
4.28799438,102.55246734,0.00000000,50.02436828,50.00000000,9.75150394,0.00000000
4.38400268,102.38208007,0.00000000,50.00796508,50.00000000,9.75164985,0.00000000
4.47999572,102.67561340,0.00000000,50.00317382,50.00000000,9.75117015,0.00000000
4.57600402,102.70482635,8.54106903,49.93808364,50.00000000,9.75063991,21.77972602
4.67199707,103.40716552,8.53862190,49.96261596,50.00000000,9.75074195,21.77348518
4.76800537,103.98583221,0.00000000,50.04761505,50.00000000,9.75109958,0.00000000
4.86399841,104.86765289,0.00000000,50.02355575,50.00000000,9.75123786,0.00000000
4.96000671,105.75708770,0.00000000,50.02246093,50.00000000,9.75092315,0.00000000
5.05599975,106.18932342,0.00000000,50.01979064,50.00000000,9.75071144,0.00000000
5.15199279,105.88906860,8.53413009,49.99041748,50.00000000,9.75120353,21.76203155
5.24800109,106.23784637,0.00000000,50.01597595,50.00000000,9.75142002,0.00000000
5.34399414,105.86071014,0.00000000,50.00629425,50.00000000,9.75120162,0.00000000
5.44000244,104.75052642,8.53710365,49.96628952,50.00000000,9.75184917,21.76961517
5.53599548,103.60089111,8.53364372,49.99608993,50.00000000,9.75190067,21.76079177
5.63200378,102.81146240,0.00000000,50.05564880,50.00000000,9.75199031,0.00000000
5.72799682,102.91264343,0.00000000,50.02877807,50.00000000,9.75192642,0.00000000
5.82400512,102.55582427,0.00000000,50.03161621,50.00000000,9.75179672,0.00000000
5.91999816,102.30557250,0.00000000,50.02474975,50.00000000,9.75113582,0.00000000
6.01600646,102.62992858,0.00000000,50.01778793,50.00000000,9.75109767,0.00000000
6.11199951,102.73501586,0.00000000,50.02341461,50.00000000,9.75091648,0.00000000
6.20799255,102.43914794,8.53244972,49.98912811,50.00000000,9.75127696,21.75774574
6.30400085,102.38786315,0.00000000,50.02582168,50.00000000,9.75121688,0.00000000
6.39999389,102.61343383,0.00000000,50.01986312,50.00000000,9.75125980,0.00000000
6.49600219,102.73558044,0.00000000,50.02007675,50.00000000,9.75080394,0.00000000
6.59199523,102.45820617,8.53326034,49.97787475,50.00000000,9.75109481,21.75981330
6.68800354,102.39533996,8.53127956,49.99518585,50.00000000,9.75105094,21.75476455
6.78399658,102.68341827,0.00000000,50.00760650,50.00000000,9.75126743,0.00000000
6.88000488,102.62860870,0.00000000,50.02207946,50.00000000,9.75126552,0.00000000
6.97599792,102.76946258,0.00000000,50.03342819,50.00000000,9.75091838,0.00000000
7.07200622,102.59508514,0.00000000,50.02963638,50.00000000,9.75110530,0.00000000
7.16799926,102.37255859,0.00000000,50.03938674,50.00000000,9.75112438,0.00000000
7.26400756,102.32648468,0.00000000,50.03416824,50.00000000,9.75121688,0.00000000
7.36000061,102.56245422,0.00000000,50.03728866,50.00000000,9.75101089,0.00000000
7.45599365,102.66085052,8.53042316,49.98374176,50.00000000,9.75107288,21.75257873
7.55200195,102.66844940,8.53094768,49.98116683,50.00000000,9.75086021,21.75391578
7.64799499,102.70004272,0.00000000,50.02639389,50.00000000,9.75097560,0.00000000
7.74400329,102.34675598,0.00000000,50.01044464,50.00000000,9.75112056,0.00000000
7.83999633,102.28692626,0.00000000,50.04380035,50.00000000,9.75112819,0.00000000
7.93600463,102.61745452,0.00000000,50.02012252,50.00000000,9.75122451,0.00000000
8.03199768,102.66546630,8.52779960,49.99804687,50.00000000,9.75088214,21.74588966
8.12800598,102.32931518,8.52782249,49.99804687,50.00000000,9.75109291,21.74594879
8.22399902,102.34564208,0.00000000,50.05235671,50.00000000,9.75115776,0.00000000
8.32000732,102.61141967,0.00000000,50.02784729,50.00000000,9.75108718,0.00000000
8.41600036,102.74384307,0.00000000,50.07019042,50.00000000,9.75069999,0.00000000
8.51199340,102.33694458,0.00000000,50.02613067,50.00000000,9.75112247,0.00000000
8.60800170,102.32079315,8.52623367,49.99446868,50.00000000,9.75122261,21.74189567
8.70399475,102.67939758,0.00000000,50.04997253,50.00000000,9.75100421,0.00000000
8.80000305,102.60887908,0.00000000,50.00972747,50.00000000,9.75084209,0.00000000
8.89599609,102.73591613,0.00000000,50.05195236,50.00000000,9.75084590,0.00000000
8.99200439,102.34088134,0.00000000,50.01981353,50.00000000,9.75102806,0.00000000
9.08799743,102.51329803,0.00000000,50.02107620,50.00000000,9.75096511,0.00000000
9.18400573,102.61342620,0.00000000,50.01015853,50.00000000,9.75085258,0.00000000
9.27999877,102.70312500,0.00000000,50.00944137,50.00000000,9.75085544,0.00000000
9.37600708,102.66612243,8.52916431,49.95668029,50.00000000,9.75103282,21.74936866
9.47200012,102.31716918,0.00000000,50.02207946,50.00000000,9.75114727,0.00000000
9.56799316,102.61179351,0.00000000,50.02799224,50.00000000,9.75113010,0.00000000
9.66400146,102.69817352,0.00000000,50.00696182,50.00000000,9.75087738,0.00000000
9.75999450,102.36625671,0.00000000,50.00247955,50.00000000,9.75085639,0.00000000
9.85600280,102.30593109,8.52619934,49.97811508,50.00000000,9.75111675,21.74180793
9.95199584,102.62895965,0.00000000,50.02255630,50.00000000,9.75122928,0.00000000
10.04800415,102.67652130,8.52511787,49.98641204,50.00000000,9.75073814,21.73905181
10.14399719,102.32709503,8.52723026,49.97132110,50.00000000,9.75115776,21.74443817
10.24000549,102.37143707,0.00000000,50.03025817,50.00000000,9.75114822,0.00000000
10.33599853,102.62329864,8.52361488,49.99911880,50.00000000,9.75121688,21.73521804
10.43200683,102.69808959,0.00000000,50.02737045,50.00000000,9.75086975,0.00000000
10.52799987,102.32056427,0.00000000,50.04525375,50.00000000,9.75113773,0.00000000
10.62399291,102.36497497,0.00000000,50.02291488,50.00000000,9.75103950,0.00000000
10.72000122,102.65426635,0.00000000,50.02412796,50.00000000,9.75104522,0.00000000
10.81599426,102.61573791,0.00000000,50.02055358,50.00000000,9.75113582,0.00000000
10.91200256,102.75313568,0.00000000,50.02875518,50.00000000,9.75094985,0.00000000
11.00799560,102.34318542,8.52284908,49.98974990,50.00000000,9.75102996,21.73326683
11.10400390,102.32563018,0.00000000,50.07739257,50.00000000,9.75110530,0.00000000
11.19999694,102.40702056,8.52112483,49.99697494,50.00000000,9.75125885,21.72886848
11.29600524,102.59512329,0.00000000,50.04458618,50.00000000,9.75118732,0.00000000
11.39199829,102.60476684,0.00000000,50.03085327,50.00000000,9.75119972,0.00000000
11.48800659,102.60501861,8.52061557,49.99432754,50.00000000,9.75116443,21.72756958
11.58399963,102.59318542,0.00000000,50.00925064,50.00000000,9.75109004,0.00000000
11.67999267,102.53765106,0.00000000,50.05498123,50.00000000,9.75116252,0.00000000
11.77600097,102.64790344,0.00000000,50.05033111,50.00000000,9.75119876,0.00000000
11.87199401,102.60075378,0.00000000,50.05893707,50.00000000,9.75126743,0.00000000
11.96800231,102.26625061,0.00000000,50.03106689,50.00000000,9.75117397,0.00000000
12.06399536,102.28331756,8.51769638,49.99880981,50.00000000,9.75115585,21.72012519
12.16000366,102.32154083,0.00000000,50.00925064,50.00000000,9.75119590,0.00000000
12.25599670,102.71974182,0.00000000,50.02336502,50.00000000,9.75091171,0.00000000
12.35200500,102.64705657,0.00000000,50.03032684,50.00000000,9.75089645,0.00000000
12.44799804,102.65383911,0.00000000,50.01287460,50.00000000,9.75091648,0.00000000
12.54400634,102.57146453,0.00000000,50.00760650,50.00000000,9.75088500,0.00000000
12.63999938,102.65224456,0.00000000,50.01082611,50.00000000,9.75116443,0.00000000
12.73599243,102.59513854,8.51845550,49.98448181,50.00000000,9.75121307,21.72206306
12.83200073,102.61372375,8.51825237,49.98746109,50.00000000,9.75129413,21.72154426
12.92799377,102.52429199,0.00000000,50.01907348,50.00000000,9.75121974,0.00000000
13.02400207,102.31488037,0.00000000,50.03557205,50.00000000,9.75112056,0.00000000
13.11999511,102.24139404,0.00000000,50.03276062,50.00000000,9.75111675,0.00000000
13.21600341,102.30244445,8.51677322,49.99208450,50.00000000,9.75108528,21.71777153
13.31199645,102.55850219,0.00000000,50.01232910,50.00000000,9.75112628,0.00000000
13.40800476,102.62723541,0.00000000,50.02711105,50.00000000,9.75125217,0.00000000
13.50399780,102.57585906,0.00000000,50.02885055,50.00000000,9.75107002,0.00000000
13.60000610,102.56986999,0.00000000,50.00901412,50.00000000,9.75117969,0.00000000
13.69599914,102.59747314,8.51719093,49.98254776,50.00000000,9.75081825,21.71883583
13.79200744,102.71807098,0.00000000,50.02479553,50.00000000,9.75087738,0.00000000
13.88800048,102.72179412,0.00000000,50.02455902,50.00000000,9.75081539,0.00000000
13.98399353,102.71331787,0.00000000,50.03948211,50.00000000,9.75100421,0.00000000
14.08000183,102.25938415,8.51812553,49.96884155,50.00000000,9.75105094,21.72121810
14.17599487,102.29084777,0.00000000,50.01054000,50.00000000,9.75120353,0.00000000
14.27200317,102.64723205,0.00000000,50.02794265,50.00000000,9.75126934,0.00000000
14.36799621,102.53876495,0.00000000,50.02298355,50.00000000,9.75128746,0.00000000
14.46400451,102.63893127,0.00000000,50.00093078,50.00000000,9.75080680,0.00000000
14.55999755,102.67316436,0.00000000,50.00093078,50.00000000,9.75101375,0.00000000
14.65600585,102.27355957,8.51986503,49.95248413,50.00000000,9.75123691,21.72565460
14.75199890,102.38444519,8.51714229,49.97782897,50.00000000,9.75132179,21.71871376
14.84800720,102.55004882,8.51996421,49.95803833,50.00000000,9.75119686,21.72591018
14.94400024,102.70639801,8.51519298,49.99873733,50.00000000,9.75085830,21.71374130
15.03999328,102.29698181,0.00000000,50.03161621,50.00000000,9.75120353,0.00000000
15.13600158,102.24923706,0.00000000,50.04687500,50.00000000,9.75103378,0.00000000
15.23199462,102.58206939,0.00000000,50.00991821,50.00000000,9.75130939,0.00000000
15.32800292,102.53987121,0.00000000,50.03295135,50.00000000,9.75124740,0.00000000
15.42399597,102.69697570,0.00000000,50.02589416,50.00000000,9.75082492,0.00000000
15.52000427,102.67958831,0.00000000,50.03585815,50.00000000,9.75087547,0.00000000
15.61599731,102.25324249,0.00000000,50.02591705,50.00000000,9.75104331,0.00000000
15.71200561,102.31427001,0.00000000,50.04010391,50.00000000,9.75108337,0.00000000
15.80799865,102.28816986,0.00000000,50.00841903,50.00000000,9.75111675,0.00000000
15.90400695,102.31565093,8.51277160,49.99413681,50.00000000,9.75111293,21.70756912
16.00000000,102.52024841,0.00000000,50.01845550,50.00000000,9.75104808,0.00000000
16.09599304,102.60083770,0.00000000,50.04072189,50.00000000,9.75094699,0.00000000
16.19200134,102.62303161,0.00000000,50.04534912,50.00000000,9.75091266,0.00000000
16.28799438,102.71617126,0.00000000,50.00207519,50.00000000,9.75089454,0.00000000
16.38400268,102.65274047,0.00000000,50.00136184,50.00000000,9.75089454,0.00000000
16.47999572,102.26537322,0.00000000,50.01015853,50.00000000,9.75108623,0.00000000
16.57600402,102.29333496,0.00000000,50.01144409,50.00000000,9.75118541,0.00000000
16.67199707,102.23001861,8.51453113,49.96929168,50.00000000,9.75115776,21.71205329
16.76800537,102.58367919,8.51536655,49.96562194,50.00000000,9.75100803,21.71418380
16.86399841,102.55548858,0.00000000,50.00329208,50.00000000,9.75064754,0.00000000
16.96000671,102.69281005,8.51429462,49.97673034,50.00000000,9.75082588,21.71145248
17.05599975,102.71231842,0.00000000,50.02293777,50.00000000,9.75094699,0.00000000
17.15199279,102.31218719,0.00000000,50.00233840,50.00000000,9.75099182,0.00000000
17.24800109,102.22117614,0.00000000,50.00801086,50.00000000,9.75092411,0.00000000
17.34399414,102.56949615,0.00000000,50.00863265,50.00000000,9.75111103,0.00000000
17.44000244,102.67881774,0.00000000,50.02307891,50.00000000,9.75086212,0.00000000
17.53599548,102.53087615,0.00000000,50.00167083,50.00000000,9.75088691,0.00000000
17.63200378,102.28163146,8.51105880,49.99778366,50.00000000,9.75107574,21.70320129
17.72799682,102.59269714,0.00000000,50.00848770,50.00000000,9.75117015,0.00000000
17.82400512,102.63621520,0.00000000,50.02210235,50.00000000,9.75084018,0.00000000
17.91999816,102.54935455,8.51380062,49.97401428,50.00000000,9.75090789,21.71019172
18.01600646,102.31690216,0.00000000,50.01282882,50.00000000,9.75111961,0.00000000
18.11199951,102.56192016,0.00000000,50.00331497,50.00000000,9.75117969,0.00000000
18.20799255,102.72827911,0.00000000,50.03576278,50.00000000,9.75082588,0.00000000
18.30400085,102.29263305,8.51296520,49.97811508,50.00000000,9.75125122,21.70806121
18.39999389,102.60813903,8.51070785,49.99754714,50.00000000,9.75120353,21.70230484
18.49600219,102.64335632,8.51316833,49.97875976,50.00000000,9.75086593,21.70857810
18.59199523,102.34607696,0.00000000,50.00629425,50.00000000,9.75098419,0.00000000
18.68800354,102.19684600,0.00000000,50.02095794,50.00000000,9.75104522,0.00000000
18.78399658,102.63213348,0.00000000,50.06888198,50.00000000,9.75088214,0.00000000
18.88000488,102.28192901,0.00000000,50.00851440,50.00000000,9.75119304,0.00000000
18.97599792,102.59011077,0.00000000,50.02870559,50.00000000,9.75107288,0.00000000
19.07200622,102.68100738,0.00000000,50.00767898,50.00000000,9.75073242,0.00000000
19.16799926,102.31628417,0.00000000,50.01897811,50.00000000,9.75102138,0.00000000
19.26400756,102.22383880,0.00000000,50.01662063,50.00000000,9.75113964,0.00000000
19.36000061,102.66734313,8.51580238,49.94428253,50.00000000,9.75076675,21.71529769
19.45599365,102.66960906,0.00000000,50.02236557,50.00000000,9.75109291,0.00000000
19.55200195,102.29840087,8.50989723,49.99294281,50.00000000,9.75099563,21.70023918
19.64799499,102.62929534,8.51102924,49.98483657,50.00000000,9.75092697,21.70312500
19.74400329,102.67725372,0.00000000,50.02055358,50.00000000,9.75100421,0.00000000
19.83999633,102.76445007,8.51017951,49.99091720,50.00000000,9.75075435,21.70095825
19.93600463,102.28578186,0.00000000,50.07586669,50.00000000,9.75115585,0.00000000
20.03199768,102.29712677,0.00000000,50.07136154,50.00000000,9.75126171,0.00000000
20.12800598,102.34409332,0.00000000,50.05994033,50.00000000,9.75121116,0.00000000
20.22399902,102.35987854,0.00000000,50.02091217,50.00000000,9.75105094,0.00000000
20.32000732,102.57741546,0.00000000,50.09553527,50.00000000,9.75109386,0.00000000
20.41600036,102.59577178,0.00000000,50.06618499,50.00000000,9.75085830,0.00000000
20.51199340,102.72891235,0.00000000,50.04477691,50.00000000,9.75084590,0.00000000
20.60800170,102.37345123,0.00000000,50.05290603,50.00000000,9.75064849,0.00000000
20.70399475,102.34649658,0.00000000,50.00033569,50.00000000,9.75102901,0.00000000
20.80000305,102.63198852,0.00000000,50.01998138,50.00000000,9.75114059,0.00000000
20.89599609,102.62106323,0.00000000,50.01230239,50.00000000,9.75093078,0.00000000
20.99200439,102.72370147,0.00000000,50.00400543,50.00000000,9.75084972,0.00000000
21.08799743,102.53794860,8.50647354,49.97272491,50.00000000,9.75081539,21.69150924
21.18400573,102.29348754,8.50713157,49.97012710,50.00000000,9.75089263,21.69318580
21.27999877,102.66539001,8.50480842,49.99079895,50.00000000,9.75106048,21.68725967
21.37600708,102.67182159,0.00000000,50.03807830,50.00000000,9.75068378,0.00000000
21.47200012,102.64301300,0.00000000,50.03414154,50.00000000,9.75073909,0.00000000
21.56799316,102.31610107,0.00000000,50.06184768,50.00000000,9.75113201,0.00000000
21.66400146,102.58621978,0.00000000,50.00586700,50.00000000,9.75105667,0.00000000
21.75999450,102.75997161,0.00000000,50.04773330,50.00000000,9.75069999,0.00000000
21.85600280,102.36775970,0.00000000,50.05197525,50.00000000,9.75100612,0.00000000
21.95199584,102.31061553,0.00000000,50.04546737,50.00000000,9.75087070,0.00000000
22.04800415,102.61949157,8.50071048,49.99735641,50.00000000,9.75095844,21.67681312
22.14399719,102.72547912,0.00000000,50.00112152,50.00000000,9.75064182,0.00000000
22.24000549,102.39428710,0.00000000,50.01153945,50.00000000,9.75104522,0.00000000
22.33599853,102.44591522,0.00000000,50.01130294,50.00000000,9.75096797,0.00000000
22.43200683,102.62043762,0.00000000,50.05610275,50.00000000,9.75065135,0.00000000
22.52799987,102.75635528,8.50011444,49.99492263,50.00000000,9.75063514,21.67529296
22.62399291,102.39325714,0.00000000,50.02591705,50.00000000,9.75097179,0.00000000
22.72000122,102.51159667,0.00000000,50.02138900,50.00000000,9.75100040,0.00000000
22.81599426,102.64112854,8.49936866,49.99685287,50.00000000,9.75051212,21.67338943
22.91200256,102.74876403,8.49903869,49.99969100,50.00000000,9.75071620,21.67254829
23.00799560,102.36468505,0.00000000,50.00829696,50.00000000,9.75097942,0.00000000
23.10400390,102.60595703,0.00000000,50.04310607,50.00000000,9.75098991,0.00000000
23.19999694,102.61015319,0.00000000,50.02794265,50.00000000,9.75112628,0.00000000
23.29600524,102.70601654,0.00000000,50.02138900,50.00000000,9.75059700,0.00000000
23.39199829,102.74994659,8.49905204,49.99046325,50.00000000,9.75071334,21.67258071
23.48800659,102.36038208,0.00000000,50.01688003,50.00000000,9.75081920,0.00000000
23.58399963,102.31478881,0.00000000,50.03512191,50.00000000,9.75087070,0.00000000
23.67999267,102.37586212,0.00000000,50.03512191,50.00000000,9.75095272,0.00000000
23.77600097,102.36755371,0.00000000,50.01070785,50.00000000,9.75093364,0.00000000
23.87199401,102.36420440,8.49846076,49.98698425,50.00000000,9.75092411,21.67107582
23.96800231,102.33401489,0.00000000,50.02222061,50.00000000,9.75107383,0.00000000
24.06399536,102.35389709,0.00000000,50.00627136,50.00000000,9.75100612,0.00000000
24.16000366,102.37315368,8.49784183,49.99036788,50.00000000,9.75090885,21.66949653
24.25599670,102.37643432,0.00000000,50.01237487,50.00000000,9.75075435,0.00000000
24.35200500,102.36055755,0.00000000,50.01416397,50.00000000,9.75102806,0.00000000
24.44799804,102.32869720,0.00000000,50.03083038,50.00000000,9.75093746,0.00000000
24.54400634,102.36868286,0.00000000,50.01840591,50.00000000,9.75089836,0.00000000
24.63999938,102.32879638,0.00000000,50.00662994,50.00000000,9.75099849,0.00000000
24.73599243,102.34893798,8.49652862,49.99389648,50.00000000,9.75105667,21.66614913
24.83200073,102.21298980,8.49780368,49.98460006,50.00000000,9.75096511,21.66939926
24.92799377,102.38767242,0.00000000,50.00004959,50.00000000,9.75110149,0.00000000
25.02400207,102.33450317,0.00000000,50.02210235,50.00000000,9.75094890,0.00000000
25.11999511,102.33142089,0.00000000,50.00863265,50.00000000,9.75107669,0.00000000
25.21600341,102.34240722,0.00000000,50.02215194,50.00000000,9.75112628,0.00000000
25.31199645,102.40631103,0.00000000,50.00286102,50.00000000,9.75100421,0.00000000
25.40800476,102.37293243,8.49610042,49.99408721,50.00000000,9.75112819,21.66505622
25.50399780,102.35357666,8.49710845,49.98683929,50.00000000,9.75066375,21.66762733
25.60000610,102.80385589,0.00000000,50.01828765,50.00000000,9.75074386,0.00000000
25.69599914,102.76596832,0.00000000,50.03333282,50.00000000,9.75079154,0.00000000
25.79200744,102.75171661,0.00000000,50.02055358,50.00000000,9.75070381,0.00000000
25.88800048,102.72046661,0.00000000,50.02999496,50.00000000,9.75060844,0.00000000
25.98399353,102.69731140,8.49738979,49.97656631,50.00000000,9.75081348,21.66834259
26.08000183,102.62840270,0.00000000,50.02317428,50.00000000,9.75069427,0.00000000
26.17599487,102.67452239,0.00000000,50.02317428,50.00000000,9.75099849,0.00000000
26.27200317,102.22597503,0.00000000,50.00863265,50.00000000,9.75097751,0.00000000
26.36799621,102.32591247,0.00000000,50.01235198,50.00000000,9.75076580,0.00000000
26.46400451,102.32123565,8.49697780,49.97575378,50.00000000,9.75094127,21.66729354
26.55999755,102.75824737,8.49428558,49.99876022,50.00000000,9.75061130,21.66042709
26.65600585,102.72659301,0.00000000,50.00720214,50.00000000,9.75070381,0.00000000
26.75199890,102.55303192,0.00000000,50.01557159,50.00000000,9.75105857,0.00000000
26.84800720,102.29700469,8.49723720,49.97399139,50.00000000,9.75106620,21.66795539
26.94400024,102.40914154,0.00000000,50.01197052,50.00000000,9.75097751,0.00000000
27.03999328,102.72471618,0.00000000,50.03686141,50.00000000,9.75057411,0.00000000
27.13600158,102.64616394,8.49376773,49.99873733,50.00000000,9.75076103,21.65910720
27.23199462,102.26580810,0.00000000,50.04358291,50.00000000,9.75096511,0.00000000
27.32800292,102.38699340,0.00000000,50.04298782,50.00000000,9.75107669,0.00000000
27.42399597,102.74896240,0.00000000,50.06530380,50.00000000,9.75080299,0.00000000
27.52000427,102.58905029,0.00000000,50.05014038,50.00000000,9.75091457,0.00000000
27.61599731,102.66923522,0.00000000,50.02524948,50.00000000,9.75104331,0.00000000
27.71200561,102.35950469,0.00000000,50.03252029,50.00000000,9.75094509,0.00000000
27.80799865,102.36608886,0.00000000,50.01254272,50.00000000,9.75084590,0.00000000
27.90400695,102.78305053,0.00000000,50.02450942,50.00000000,9.75068569,0.00000000
28.00000000,102.66518402,0.00000000,50.02579879,50.00000000,9.75065803,0.00000000
28.09599304,102.64376068,8.49098682,49.99101257,50.00000000,9.75083160,21.65201568
28.19200134,102.61441802,0.00000000,50.02572631,50.00000000,9.75108146,0.00000000
28.28799438,102.31921386,0.00000000,50.01168441,50.00000000,9.75101757,0.00000000
28.38400268,102.31682586,8.49202537,49.98040390,50.00000000,9.75104808,21.65466308
28.47999572,102.38376617,0.00000000,50.00343322,50.00000000,9.75077056,0.00000000
28.57600402,102.82686614,0.00000000,50.00736999,50.00000000,9.75061035,0.00000000
28.67199707,102.70425415,0.00000000,50.02970886,50.00000000,9.75072002,0.00000000
28.76800537,102.71250915,8.49185562,49.97980880,50.00000000,9.75069141,21.65423202
28.86399841,102.69044494,0.00000000,50.00343322,50.00000000,9.75081729,0.00000000
28.96000671,102.76272583,0.00000000,50.02126693,50.00000000,9.75075054,0.00000000
29.05599975,102.72815704,8.49055099,49.98948669,50.00000000,9.75069999,21.65090370
29.15199279,102.72854614,0.00000000,50.00069427,50.00000000,9.75065803,0.00000000
29.24800109,102.33942413,8.49011898,49.99370574,50.00000000,9.75067806,21.64980316
29.34399414,102.39984130,0.00000000,50.03013610,50.00000000,9.75107288,0.00000000
29.44000244,102.37049102,0.00000000,50.01638031,50.00000000,9.75108051,0.00000000
29.53599548,102.47119903,0.00000000,50.04465866,50.00000000,9.75096607,0.00000000
29.63200378,102.67996215,0.00000000,50.01964569,50.00000000,9.75100421,0.00000000
29.72799682,102.69683074,0.00000000,50.03094863,50.00000000,9.75094985,0.00000000
29.82400512,102.73859405,8.49015808,49.98109436,50.00000000,9.75057029,21.64990234
29.91999816,102.53005218,0.00000000,50.00517654,50.00000000,9.75101661,0.00000000
30.01600646,102.35930633,0.00000000,50.03628921,50.00400161,9.75104522,0.00000000
30.11199951,102.68181610,8.49065208,50.00357818,50.02799987,9.75088691,21.65116310
30.20799255,102.77792358,8.49176216,50.02122116,50.05199813,9.75070667,21.65399360
30.30400085,102.40965270,8.48875141,50.07128906,50.07600021,9.75097370,21.64631462
30.39999389,102.64701843,8.49661445,50.03495407,50.09999847,9.75094223,21.66636657
30.49600219,102.77546691,8.49067020,50.11079406,50.12400054,9.75050926,21.65120887
30.59199523,102.41472625,8.49574565,50.09677505,50.14799880,9.75090217,21.66415214
30.68800354,102.67546844,8.49424552,50.13702011,50.17200088,9.75093936,21.66032791
30.78399658,102.74389648,8.49973487,50.12178421,50.19599914,9.75050258,21.67432403
30.88000488,102.32578277,8.49699115,50.17373657,50.22000122,9.75101566,21.66732597
30.97599792,102.69335174,8.49826526,50.19209671,50.24399948,9.75077819,21.67057609
31.07200622,102.39186859,8.50569343,50.16341400,50.26800155,9.75091457,21.68951797
31.16799926,102.57936859,8.50163936,50.22824096,50.29199981,9.75102138,21.67918014
31.26400756,102.71623992,8.50096035,50.26328659,50.31600189,9.75049972,21.67744827
31.36000061,102.38748931,8.49888610,50.30810928,50.34000015,9.75058841,21.67215919
31.45599365,102.26026916,8.50228309,50.30875396,50.36399841,9.75096511,21.68082237
31.55200195,102.72068023,8.49827671,50.36874008,50.38800048,9.75050258,21.67060661
31.64799499,102.34020233,8.50171089,50.36795425,50.41199874,9.75084018,21.67936325
31.74400329,102.68125152,8.50429058,50.37603378,50.43600082,9.75091648,21.68593978
31.83999633,103.01578521,8.49752712,50.45774078,50.45999908,9.75065135,21.66869354
31.93600463,102.73231506,8.50193023,50.44791793,50.48400115,9.75025749,21.67992210
32.03199768,102.34840393,8.50466156,50.45409393,50.50799942,9.75091648,21.68688774
32.12800598,102.65752410,8.49930858,50.52435684,50.53200149,9.75083827,21.67323684
32.22399902,102.74596405,0.00000000,50.56450653,50.55599975,9.75062847,0.00000000
32.32000732,102.71699523,8.49886798,50.57568740,50.58000183,9.75066661,21.67211341
32.41600036,102.38156890,8.49877834,50.60076904,50.60400009,9.75097084,21.67188453
32.51199340,102.39462280,0.00000000,50.63798522,50.62799835,9.75097560,0.00000000
32.60800170,102.74716949,8.49992752,50.63927459,50.65200042,9.75106811,21.67481422
32.70399475,102.66342926,0.00000000,50.68612289,50.67599868,9.75100612,0.00000000
32.80000305,102.73862457,8.50093555,50.67971038,50.70000076,9.75061702,21.67738723
32.89599609,102.77153015,8.50553321,50.67002868,50.72399902,9.75068187,21.68911170
32.99200439,102.79689025,8.50515842,50.70183563,50.74800109,9.75065422,21.68815231
33.08799743,102.80513763,8.49981403,50.77133178,50.77199935,9.75073623,21.67452430
33.18400573,102.84626770,0.00000000,50.80180358,50.79600143,9.75055789,0.00000000
33.27999877,102.85483551,8.50313568,50.79319763,50.81999969,9.75047588,21.68299484
33.37600708,102.87466430,8.50536823,50.80237579,50.84400177,9.75062465,21.68868827
33.47200012,102.79898071,8.50305175,50.84805679,50.86800003,9.75060558,21.68278312
33.56799316,102.85566711,0.00000000,50.89571762,50.89199829,9.75058174,0.00000000
33.66400146,102.86180877,8.50557231,50.87804794,50.91600036,9.75074195,21.68920898
33.75999450,102.91679382,0.00000000,50.94993209,50.93999862,9.75073051,0.00000000
33.85600280,102.81540679,8.50333595,50.94588088,50.96400070,9.75059700,21.68350601
33.95199584,102.83832550,8.50335121,50.97141265,50.98799896,9.75046157,21.68354606
34.04800415,102.81539154,8.50940132,50.95017242,51.01200103,9.75054836,21.69897270
34.14399719,102.75849914,8.50745296,50.99485015,51.03599929,9.75092315,21.69400405
34.24000549,102.47306823,8.50594234,51.03425979,51.06000137,9.75084972,21.69015312
34.33599853,102.47800445,8.50304412,51.08299255,51.08399963,9.75100040,21.68276214
34.43200683,102.46694183,8.50572013,51.08640289,51.10800170,9.75080013,21.68958663
34.52799987,102.52342224,0.00000000,51.16536712,51.13199996,9.75086307,0.00000000
34.62399291,102.46823883,8.50443172,51.14329147,51.15599822,9.75113964,21.68630027
34.72000122,102.47335815,0.00000000,51.21657943,51.18000030,9.75104141,0.00000000
34.81599426,102.47543334,0.00000000,51.22470855,51.20399856,9.75098419,0.00000000
34.91200256,102.73909759,8.50484943,51.20801925,51.22800064,9.75103664,21.68736648
35.00799560,102.78578186,8.50337028,51.24526214,51.25199890,9.75082397,21.68359565
35.10400390,102.91475677,0.00000000,51.28433990,51.27600097,9.75078105,0.00000000
35.19999694,102.87645721,8.50327682,51.29384994,51.29999923,9.75077629,21.68335533
35.29600524,102.88513946,0.00000000,51.33714675,51.32400131,9.75083351,0.00000000
35.39199829,102.80010223,0.00000000,51.35929870,51.34799957,9.75066280,0.00000000
35.48800659,102.81372833,8.50449562,51.35476684,51.37200164,9.75093936,21.68646430
35.58399963,102.38331604,8.50951290,51.34156036,51.39599990,9.75109386,21.69925880
35.67999267,102.52929687,8.51035881,51.36397171,51.41999816,9.75102233,21.70141410
35.77600097,102.56241607,8.51271438,51.37486648,51.44400024,9.75100994,21.70742225
35.87199401,102.54547882,8.50668907,51.45170974,51.46799850,9.75086879,21.69205665
35.96800231,102.99331665,8.51107692,51.44329071,51.49200057,9.75079250,21.70324516
36.06399536,102.89423370,8.50747108,51.49958419,51.51599884,9.75074577,21.69404983
36.16000366,102.97324371,8.50835037,51.51827621,51.54000091,9.75067234,21.69629478
36.25599670,102.90677642,0.00000000,51.57895278,51.56399917,9.75067234,0.00000000
36.35200500,102.86256408,8.50669479,51.57969284,51.58800125,9.75088977,21.69207000
36.44799804,102.85018920,0.00000000,51.62105560,51.61199951,9.75086593,0.00000000
36.54400634,102.92181396,8.50867080,51.61235427,51.63600158,9.75076580,21.69710922
36.63999938,102.86396789,0.00000000,51.66232681,51.65999984,9.75087738,0.00000000
36.73599243,102.85137939,8.50667858,51.67768096,51.68399810,9.75092411,21.69203186
36.83200073,102.84404754,8.50927639,51.68218612,51.70800018,9.75075435,21.69865417
36.92799377,102.94517517,0.00000000,51.77464675,51.73199844,9.75079536,0.00000000
37.02400207,102.90964508,8.50919342,51.72929763,51.75600051,9.75081157,21.69844245
37.11999511,102.93383789,8.51154136,51.73757171,51.77999877,9.75083160,21.70443153
37.21600341,102.92829132,8.50792789,51.79336166,51.80400085,9.75079059,21.69521522
37.31199645,102.98948669,0.00000000,51.83837509,51.82799911,9.75089073,0.00000000
37.40800476,103.00004577,8.50930404,51.83074569,51.85200119,9.75084018,21.69872665
37.50399780,103.01787567,0.00000000,51.90036392,51.87599945,9.75084400,0.00000000
37.60000610,102.91858673,0.00000000,51.90100860,51.90000152,9.75082588,0.00000000
37.69599914,102.61066436,8.51299381,51.87387466,51.92399978,9.75097942,21.70813369
37.79200744,102.62277221,8.51263523,51.90520477,51.94800186,9.75103569,21.70721817
37.88800048,102.62313842,8.51298046,51.93042755,51.97200012,9.75116443,21.70809936
37.98399353,102.56531524,8.50913524,51.98791122,51.99599838,9.75112915,21.69829559
38.08000183,102.62973022,0.00000000,52.05571746,52.02000045,9.75121688,0.00000000
38.17599487,102.63544464,8.50839710,52.03910064,52.04399871,9.75114440,21.69641113
38.27200317,102.61626434,8.50916385,52.05762481,52.06800079,9.75109481,21.69836616
38.36799621,102.59772491,0.00000000,52.10056304,52.09199905,9.75109386,0.00000000
38.46400451,102.60478973,0.00000000,52.12271499,52.11600112,9.75130271,0.00000000
38.55999755,102.64632415,8.50971889,52.12488174,52.13999938,9.75131416,21.69978332
38.65600585,102.61498260,8.51176261,52.13446807,52.16400146,9.75109577,21.70499420
38.75199890,102.58689880,8.51564598,52.13115310,52.18799972,9.75133895,21.71489524
38.84800720,102.61029052,8.51261425,52.18375015,52.21200180,9.75121688,21.70716476
38.94400024,102.57458496,8.51017475,52.22916793,52.23600006,9.75114440,21.70094490
39.03999328,102.47942352,8.51325511,52.22997665,52.25999832,9.75112819,21.70880126
39.13600158,102.86448669,8.51107501,52.27355957,52.28400039,9.75109481,21.70323944
39.23199462,102.88566589,8.51110267,52.29828643,52.30799865,9.75121688,21.70331192
39.32800292,102.92029571,0.00000000,52.37340927,52.33200073,9.75114536,0.00000000
39.42399597,102.86965179,0.00000000,52.36406326,52.35599899,9.75092220,0.00000000
39.52000427,102.90861511,8.51044082,52.37178802,52.38000106,9.75066757,21.70162391
39.61599731,102.96505737,8.51706981,52.34530258,52.40399932,9.75078296,21.71852874
39.71200561,103.02718353,8.51107406,52.42097473,52.42800140,9.75062847,21.70323753
39.80799865,102.61286926,0.00000000,52.46753692,52.45199966,9.75088119,0.00000000
39.90400695,102.55158233,0.00000000,52.48046112,52.47600173,9.75080680,0.00000000
40.00000000,102.92724609,8.51285266,52.47805404,52.50000000,9.75106048,21.70777320
40.09599304,102.91992950,8.51298618,52.50301361,52.52399826,9.75084018,21.70811462
40.19200134,103.04433441,8.51057624,52.54755020,52.54800033,9.75075054,21.70196914
40.28799438,102.59229278,8.51206398,52.56009292,52.57199859,9.75099372,21.70576286
40.38400268,102.57057189,8.51412582,52.56924819,52.59600067,9.75112915,21.71101951
40.47999572,102.91837310,8.51277160,52.60613250,52.61999893,9.75094509,21.70756721
40.57600402,102.93863677,0.00000000,52.67105102,52.64400100,9.75074005,0.00000000
40.67199707,103.01578521,0.00000000,52.67784881,52.66799926,9.75074386,0.00000000
40.76800537,102.63244628,0.00000000,52.71129608,52.69200134,9.75127887,0.00000000
40.86399841,102.53354644,8.51448822,52.68502426,52.71599960,9.75119400,21.71194648
40.96000671,102.93405914,8.51431655,52.71318054,52.74000167,9.75087547,21.71150588
41.05599975,102.81452178,8.51400375,52.74203109,52.76399993,9.75098419,21.71070861
41.15199279,102.56100463,0.00000000,52.80976486,52.78799819,9.75106334,0.00000000
41.24800109,102.93849182,8.51379966,52.79162216,52.81200027,9.75077629,21.71018981
41.34399414,102.93184661,8.51419925,52.81438827,52.83599853,9.75082778,21.71120834
41.44000244,102.52507019,8.51410293,52.84109115,52.86000061,9.75108528,21.71096420
41.53599548,102.86444091,8.51644802,52.84869766,52.88399887,9.75083827,21.71694183
41.63200378,102.99271392,8.51733398,52.86906051,52.90800094,9.75090599,21.71920204
41.72799682,102.59688568,8.51639270,52.90386962,52.93199920,9.75105667,21.71680259
41.82400512,102.89232635,8.51467704,52.94368362,52.95600128,9.75118160,21.71242713
41.91999816,102.91409301,0.00000000,52.99491882,52.97999954,9.75082588,0.00000000
42.01600646,102.64162445,0.00000000,53.00524520,53.00400161,9.75105285,0.00000000
42.11199951,102.58464813,0.00000000,53.04050445,53.02799987,9.75117588,0.00000000
42.20799255,102.87333679,0.00000000,53.06100845,53.05199813,9.75091934,0.00000000
42.30400085,102.98126220,8.52077579,53.01425552,53.07600021,9.75073814,21.72797966
42.39999389,102.59197998,8.51673126,53.07512283,53.09999847,9.75086307,21.71766471
42.49600219,102.55448913,8.51984691,53.07731628,53.12400054,9.75100421,21.72560882
42.59199523,102.91274261,8.51988792,53.10523605,53.14799880,9.75094890,21.72571372
42.68800354,102.91815948,8.52209568,53.11606216,53.17200088,9.75087165,21.73134422
42.78399658,102.59905242,8.51954746,53.16484069,53.19599914,9.75095844,21.72484588
42.88000488,102.63811492,8.51891899,53.19652557,53.22000122,9.75108146,21.72324180
42.97599792,102.89820861,0.00000000,53.25999450,53.24399948,9.75098037,0.00000000
43.07200622,102.89855957,8.51650238,53.26388168,53.26800155,9.75078105,21.71708106
43.16799926,102.96821594,8.52096080,53.25379562,53.29199981,9.75053501,21.72845077
43.26400756,102.60128784,8.51854991,53.29990386,53.31600189,9.75090408,21.72230148
43.36000061,102.60044097,0.00000000,53.37190628,53.34000015,9.75102710,0.00000000
43.45599365,102.66059112,0.00000000,53.37052536,53.36399841,9.75091171,0.00000000
43.55200195,102.83603668,0.00000000,53.39062500,53.38800048,9.75111293,0.00000000
43.64799499,102.93606567,8.51884746,53.39133834,53.41199874,9.75059413,21.72306060
43.74400329,103.04414367,8.51878643,53.41768264,53.43600082,9.75074195,21.72290611
43.83999633,102.58692169,8.52151584,53.42226028,53.45999908,9.75065517,21.72986602
43.93600463,102.54212951,8.51803493,53.47659683,53.48400115,9.75110912,21.72098922
44.03199768,102.90813446,8.52252864,53.46653747,53.50799942,9.75113868,21.73244667
44.12800598,102.88619995,0.00000000,53.53243637,53.53200149,9.75066089,0.00000000
44.22399902,103.02117919,8.52092361,53.53067016,53.55599975,9.75076961,21.72835540
44.32000732,102.65636444,8.52276992,53.54270935,53.58000183,9.75082874,21.73306274
44.41600036,102.60059356,0.00000000,53.62308120,53.60400009,9.75112915,0.00000000
44.51199340,102.76846313,0.00000000,53.63080596,53.62799835,9.75098037,0.00000000
44.60800170,102.89133453,8.51853656,53.64883041,53.65200042,9.75102901,21.72226715
44.70399475,102.93498992,8.52392196,53.63149642,53.67599868,9.75071334,21.73600196
44.80000305,102.99730682,8.52041816,53.68661880,53.70000076,9.75077724,21.72706604
44.89599609,103.11650085,8.52219390,53.69811248,53.72399902,9.75085830,21.73159408
44.99200439,102.65979003,8.52492046,53.70340347,53.74800109,9.75095272,21.73854637
45.08799743,102.59271240,0.00000000,53.77764892,53.77199935,9.75083065,0.00000000
45.18400573,102.88156890,8.52413558,53.76100540,53.79600143,9.75109386,21.73654556
45.27999877,102.88768768,8.52593040,53.77431106,53.81999969,9.75117015,21.74112319
45.37600708,102.93343353,0.00000000,53.85992813,53.84400177,9.75063323,0.00000000
45.47200012,102.94528198,0.00000000,53.87280273,53.86800003,9.75072669,0.00000000
45.56799316,102.62768554,8.52600193,53.84803009,53.89199829,9.75082874,21.74130439
45.66400146,102.69631195,8.52389240,53.89232635,53.91600036,9.75092220,21.73592567
45.75999450,102.60391998,8.52882480,53.88035964,53.93999862,9.75098228,21.74850273
45.85600280,102.91174316,8.53261756,53.88047790,53.96400070,9.75095939,21.75817489
45.95199584,102.88088989,8.52803516,53.94747543,53.98799896,9.75105857,21.74649047
46.04800415,103.02551269,8.52750015,53.97930145,54.01200103,9.75078868,21.74512481
46.14399719,103.01949310,8.52601051,54.01778411,54.03599929,9.75068664,21.74132537
46.24000549,103.10375213,8.52480792,54.05273437,54.06000137,9.75081729,21.73825836
46.33599853,102.64565277,0.00000000,54.12464141,54.08399963,9.75094890,0.00000000
46.43200683,102.63294219,8.52611541,54.08759307,54.10800170,9.75110530,21.74159622
46.52799987,102.65921020,8.52871799,54.09333801,54.13199996,9.75116062,21.74823188
46.62399291,102.64276123,8.52441310,54.15410995,54.15599822,9.75118827,21.73725509
46.72000122,102.62541961,8.52728748,54.15608978,54.18000030,9.75110054,21.74458122
46.81599426,102.62112426,0.00000000,54.22997665,54.20399856,9.75099372,0.00000000
46.91200256,102.67229461,0.00000000,54.23748779,54.22800064,9.75117015,0.00000000
47.00799560,102.61790466,0.00000000,54.25748825,54.25199890,9.75106048,0.00000000
47.10400390,102.60602569,8.52617168,54.25915908,54.27600097,9.75109004,21.74173736
47.19999694,102.63302612,8.52734661,54.27560806,54.29999923,9.75097179,21.74473381
47.29600524,102.70330047,8.52705192,54.30410003,54.32400131,9.75097656,21.74398422
47.39199829,102.57382202,8.52584075,54.33926773,54.34799957,9.75099849,21.74089431
47.48800659,102.67598724,8.52794456,54.34780120,54.37200164,9.75104904,21.74625968
47.58399963,102.94704437,0.00000000,54.41055297,54.39599990,9.75099468,0.00000000
47.67999267,103.05538177,0.00000000,54.43325042,54.41999816,9.75104808,0.00000000
47.77600097,102.84710693,8.52504539,54.44188308,54.44400024,9.75103950,21.73886489
47.87199401,102.99021148,8.52643871,54.45530700,54.46799850,9.75124931,21.74241828
47.96800231,102.96654510,0.00000000,54.50539779,54.49200057,9.75104522,0.00000000
48.06399536,103.04931640,8.52523326,54.51255035,54.51599884,9.75105857,21.73934364
48.16000366,102.90935516,8.52774143,54.51748657,54.54000091,9.75115013,21.74574089
48.25599670,102.97344970,8.53317260,54.50156021,54.56399917,9.75115585,21.75959014
48.35200500,102.98673248,8.52720260,54.57737731,54.58800125,9.75094318,21.74436569
48.44799804,103.08802032,8.52719879,54.60236358,54.61199951,9.75118160,21.74435806
48.54400634,102.68676757,8.52720069,54.62722778,54.63600158,9.75101375,21.74436187
48.63999938,102.90991973,8.52876567,54.63993835,54.65999984,9.75101852,21.74835205
48.73599243,103.03094482,8.52704715,54.67903900,54.68399810,9.75106430,21.74397087
48.83200073,102.71160888,0.00000000,54.74939346,54.70800018,9.75109767,0.00000000
48.92799377,102.67809295,0.00000000,54.73537445,54.73199844,9.75108146,0.00000000
49.02400207,102.69531250,8.52655792,54.75120544,54.75600051,9.75108814,21.74272155
49.11999511,102.69448852,8.52973270,54.75111007,54.77999877,9.75110530,21.75081825
49.21600341,102.72000122,0.00000000,54.84917449,54.80400085,9.75096797,0.00000000
49.31199645,103.17658996,0.00000000,54.86700820,54.82799911,9.75081825,0.00000000
49.40800476,103.09047698,8.53101730,54.80816650,54.85200119,9.75079822,21.75409317
49.50399780,103.02406311,8.53077888,54.83798980,54.87599945,9.75073814,21.75348472
49.60000610,103.01866912,8.52909278,54.87847518,54.90000152,9.75098419,21.74918746
49.69599914,102.75260925,8.52754592,54.91638183,54.92399978,9.75094223,21.74524307
49.79200744,102.78023529,8.52869033,54.93223953,54.94800186,9.75091743,21.74816131
49.88800048,103.14333343,0.00000000,54.97889709,54.97200012,9.75069808,0.00000000
49.98399353,103.11968231,8.52923965,54.97679901,54.99599838,9.75074768,21.74956130
50.08000183,103.03553009,8.52809810,55.01136779,55.02000045,9.75085735,21.74665069
50.17599487,103.11018371,0.00000000,55.08456420,55.04399871,9.75099563,0.00000000
50.27200317,102.73758697,8.52759361,55.06036376,55.06800079,9.75106716,21.74536323
50.36799621,102.78797912,0.00000000,55.09732055,55.09199905,9.75093936,0.00000000
50.46400451,103.19418334,8.53037166,55.08711624,55.11600112,9.75070953,21.75244712
50.55999755,103.18987274,8.52966976,55.11915969,55.13999938,9.75078678,21.75065803
50.65600585,103.09429168,8.52843284,55.15460968,55.16400146,9.75059318,21.74750328
50.75199890,103.06819152,8.52907943,55.17447280,55.18799972,9.75077247,21.74915122
50.84800720,103.09593200,0.00000000,55.21512222,55.21200180,9.75104522,0.00000000
50.94400024,103.02893829,8.53109073,55.20787429,55.23600006,9.75112438,21.75428199
51.03999328,103.00814819,0.00000000,55.27284240,55.25999832,9.75127506,0.00000000
51.13600158,102.84121704,8.53560638,55.22237014,55.28400039,9.75104522,21.76579666
51.23199462,102.82390594,8.53383350,55.26566696,55.30799865,9.75105667,21.76127624
51.32800292,102.76660156,8.53426551,55.29017639,55.33200073,9.75123119,21.76237678
51.42399597,102.80541992,8.52939796,55.35559844,55.35599899,9.75114536,21.74996376
51.52000427,102.76522064,8.53017616,55.37362289,55.38000106,9.75129032,21.75194740
51.61599731,102.85779571,8.53246784,55.38048934,55.40399932,9.75119590,21.75779342
51.71200561,102.84991455,8.53254318,55.40604782,55.42800140,9.75112724,21.75798416
51.80799865,102.84120178,0.00000000,55.46069335,55.45199966,9.75131607,0.00000000
51.90400695,102.80753326,8.53241348,55.45625686,55.47600173,9.75113391,21.75765419
52.00000000,102.81297302,8.53282928,55.47883605,55.50000000,9.75103378,21.75871467
52.09599304,102.79358673,8.53113269,55.51786422,55.52399826,9.75141525,21.75438880
52.19200134,102.89430236,0.00000000,55.55353164,55.54800033,9.75126171,0.00000000
52.28799438,103.15094757,8.53095912,55.56726455,55.57199859,9.75104141,21.75394439
52.38400268,103.10753631,8.53264522,55.57866287,55.59600067,9.75117206,21.75824546
52.47999572,103.11579895,8.53332901,55.59895324,55.61999893,9.75116443,21.75998878
52.57600402,103.14983367,8.53185176,55.63628768,55.64400100,9.75075054,21.75622177
52.67199707,103.14512634,8.53234767,55.65715026,55.66799926,9.75079536,21.75748634
52.76800537,103.25710296,0.00000000,55.72245407,55.69200134,9.75083160,0.00000000
52.86399841,103.28553009,0.00000000,55.76503372,55.71599960,9.75074481,0.00000000
52.96000671,103.33667755,0.00000000,55.75239944,55.74000167,9.75089740,0.00000000
53.05599975,102.85518646,0.00000000,55.76868057,55.76399993,9.75099849,0.00000000
53.15199279,102.87287902,8.53350830,55.76038360,55.78799819,9.75118732,21.76044654
53.24800109,102.90966796,8.54049968,55.73287200,55.81200027,9.75101566,21.77827453
53.34399414,102.92930603,8.53334140,55.81937026,55.83599853,9.75108146,21.76002120
53.44000244,103.14427185,8.53947544,55.79748153,55.86000061,9.75119972,21.77566337
53.53599548,103.17147827,8.53605747,55.85358428,55.88399887,9.75076103,21.76694679
53.63200378,103.30432128,8.53493404,55.88903427,55.90800094,9.75085163,21.76408004
53.72799682,102.92428588,8.53711414,55.89790344,55.93199920,9.75084590,21.76964187
53.82400512,102.91361999,8.53488922,55.94220352,55.95600128,9.75102043,21.76396751
53.91999816,102.86041259,8.53666687,55.95372009,55.97999954,9.75106906,21.76849937
54.01600646,103.20947265,0.00000000,56.02452850,56.00400161,9.75114440,0.00000000
54.11199951,103.27037048,8.53641510,56.00419235,56.02799987,9.75083160,21.76786041
54.20799255,103.26169586,8.53445434,56.04550933,56.05199813,9.75081729,21.76285934
54.30400085,103.36479949,8.53664016,56.05321121,56.07600021,9.75095272,21.76843261
54.39999389,102.93081665,8.53409862,56.09891510,56.09999847,9.75114440,21.76195144
54.49600219,102.98751068,0.00000000,56.16319274,56.12400054,9.75095844,0.00000000
54.59199523,103.22511291,0.00000000,56.16622161,56.14799880,9.75119590,0.00000000
54.68800354,103.25190734,8.53457164,56.16214370,56.17200088,9.75097942,21.76315689
54.78399658,103.37418365,0.00000000,56.21192550,56.19599914,9.75077819,0.00000000
54.88000488,102.97754669,8.53540420,56.20315170,56.22000122,9.75100803,21.76528167
54.97599792,103.15947723,8.53863620,56.20370101,56.24399948,9.75109767,21.77352333
55.07200622,103.23017120,8.53467655,56.26197052,56.26800155,9.75111389,21.76342582
55.16799926,103.29891204,8.53900051,56.25310134,56.29199981,9.75073814,21.77445220
55.26400756,103.43520355,8.54019260,56.27143478,56.31600189,9.75085258,21.77749061
55.36000061,102.97770690,8.53970718,56.30324172,56.34000015,9.75109291,21.77625274
55.45599365,103.22257995,0.00000000,56.36799621,56.36399841,9.75095272,0.00000000
55.55200195,103.24977111,8.53885936,56.36077117,56.38800048,9.75093078,21.77409172
55.64799499,103.31783294,0.00000000,56.43592071,56.41199874,9.75076293,0.00000000
55.74400329,103.44058990,8.54143238,56.38919067,56.43600082,9.75068378,21.78065299
55.83999633,102.95384216,8.54402637,56.39739227,56.45999908,9.75116062,21.78726768
55.93600463,102.92865753,8.53765010,56.47635650,56.48400115,9.75098133,21.77100753
56.03199768,103.04040527,8.53957462,56.48617935,56.50799942,9.75095272,21.77591514
56.12800598,103.27690124,8.54327106,56.48360443,56.53200149,9.75109195,21.78534126
56.22399902,103.27085113,8.53806972,56.55219650,56.55599975,9.75120353,21.77207756
56.32000732,103.25740051,0.00000000,56.58397674,56.58000183,9.75070953,0.00000000
56.41600036,103.33060455,8.54162693,56.57270050,56.60400009,9.75066375,21.78114700
56.51199340,103.38374328,8.54324913,56.58700561,56.62799835,9.75076389,21.78528594
56.60800170,103.44232940,8.54023456,56.63802719,56.65200042,9.75070953,21.77759933
56.70399475,102.93715667,8.54056453,56.66074752,56.67599868,9.75095272,21.77844047
56.80000305,102.95405578,8.54113578,56.68172836,56.70000076,9.75112152,21.77989578
56.89599609,103.01220703,8.53907489,56.72330856,56.72399902,9.75103569,21.77464103
56.99200439,102.89356231,8.54039573,56.73716354,56.74800109,9.75103187,21.77800941
57.08799743,103.13996887,0.00000000,56.78363037,56.77199935,9.75096893,0.00000000
57.18400573,103.20684051,8.53944969,56.79240417,56.79600143,9.75119304,21.77559661
57.27999877,103.27765655,8.54290485,56.79001998,56.81999969,9.75100421,21.78440856
57.37600708,103.27815246,0.00000000,56.85887527,56.84400177,9.75111675,0.00000000
57.47200012,103.28045654,8.54189205,56.84721755,56.86800003,9.75067806,21.78182601
57.56799316,103.35159301,0.00000000,56.90608215,56.89199829,9.75077629,0.00000000
57.66400146,103.41371917,0.00000000,56.93607330,56.91600036,9.75070953,0.00000000
57.75999450,103.40982055,8.54108619,56.92422485,56.93999862,9.75076580,21.77976989
57.85600280,103.46242523,8.54511833,56.91850280,56.96400070,9.75090408,21.79005241
57.95199584,103.01482391,8.54373931,56.95729446,56.98799896,9.75107002,21.78653526
58.04800415,103.01797485,8.54175758,56.99939727,57.01200103,9.75098037,21.78148269
58.14399719,103.02956390,8.54329299,57.01268005,57.03599929,9.75072860,21.78539848
58.24000549,103.41664886,0.00000000,57.06372451,57.06000137,9.75057601,0.00000000
58.33599853,103.33612060,8.54157829,57.07571792,57.08399963,9.75055885,21.78102493
58.43200683,103.40434265,8.54259395,57.09262084,57.10800170,9.75058364,21.78361511
58.52799987,103.35870361,8.54618740,57.09025955,57.13199996,9.75067329,21.79277610
58.62399291,103.36938476,8.54185104,57.15155792,57.15599822,9.75067329,21.78171920
58.72000122,103.30350494,0.00000000,57.18431472,57.18000030,9.75052356,0.00000000
58.81599426,103.35379028,8.54351329,57.18672561,57.20399856,9.75057983,21.78595733
58.91200256,103.32945251,8.54263782,57.21905517,57.22800064,9.75076961,21.78372764
59.00799560,103.30748748,0.00000000,57.25612640,57.25199890,9.75064182,0.00000000
59.10400390,103.24909210,8.54497909,57.24940490,57.27600097,9.75072860,21.78969764
59.19999694,103.29510498,8.54433250,57.28082656,57.29999923,9.75081348,21.78804779
59.29600524,103.23804473,8.55113220,57.25402832,57.32400131,9.75092220,21.80538558
59.39199829,103.28106689,8.54733467,57.31372833,57.34799957,9.75106620,21.79570198
59.48800659,103.24054718,0.00000000,57.37657546,57.37200164,9.75097179,0.00000000
59.58399963,103.29824829,8.54925918,57.34956359,57.39599990,9.75114631,21.80060958
59.67999267,103.10839843,8.54428100,57.41624832,57.41999816,9.75092220,21.78791618
59.77600097,103.15363311,8.54601192,57.42721557,57.44400024,9.75099468,21.79232978
59.87199401,103.19963073,8.54763889,57.44016265,57.46799850,9.75100231,21.79648017
59.96800231,102.97904968,0.00000000,57.50656127,57.49200057,9.75105285,0.00000000
60.06399536,102.92362213,8.54547023,57.50613403,57.51599884,9.75105667,21.79094886
60.16000366,102.97024536,8.55174922,57.48250579,57.54000091,9.75107002,21.80695915
60.25599670,102.90650939,8.54625225,57.55419921,57.56399917,9.75093078,21.79294395
60.35200500,102.97224426,8.54636669,57.57820892,57.58800125,9.75089740,21.79323387
60.44799804,102.99406433,8.54976367,57.57684707,57.61199951,9.75110340,21.80189704
60.54400634,103.01378631,8.54592132,57.63373565,57.63600158,9.75091648,21.79209899
60.63999938,102.94877624,8.54701423,57.64949417,57.65999984,9.75113582,21.79488563
60.73599243,102.96610260,0.00000000,57.73093795,57.68399810,9.75105667,0.00000000
60.83200073,102.93512725,0.00000000,57.71735000,57.70800018,9.75104808,0.00000000
60.92799377,102.96492004,8.54612541,57.72418975,57.73199844,9.75104331,21.79262161
61.02400207,103.02525329,0.00000000,57.77268600,57.75600051,9.75109577,0.00000000
61.11999511,103.32823181,8.54518699,57.77864456,57.77999877,9.75102233,21.79022789
61.21600341,103.27248382,8.54807186,57.78048324,57.80400085,9.75114822,21.79758262
61.31199645,103.31257629,8.55054378,57.78751373,57.82799911,9.75099182,21.80388641
61.40800476,103.32450103,8.54627037,57.84821701,57.85200119,9.75064754,21.79298973
61.50399780,103.36189270,8.55104446,57.83567428,57.87599945,9.75066566,21.80516433
61.60000610,103.39781951,8.54791164,57.88755416,57.90000152,9.75065517,21.79717445
61.69599914,103.10724639,0.00000000,57.92684555,57.92399978,9.75114154,0.00000000
61.79200744,103.00840759,8.54717636,57.94210433,57.94800186,9.75115013,21.79529953
61.88800048,103.24013519,0.00000000,58.00275802,57.97200012,9.75121974,0.00000000
61.98399353,103.36533355,8.54716491,57.98793029,57.99599838,9.75084209,21.79526901
62.08000183,103.42443084,8.54656410,58.01730346,58.02000045,9.75087356,21.79373741
62.17599487,103.05204772,8.54998588,58.01511001,58.04399871,9.75091934,21.80246353
62.27200317,103.29544830,8.55062103,58.03683090,58.06800079,9.75103950,21.80408287
62.36799621,103.30371856,8.55147552,58.05704879,58.09199905,9.75080966,21.80626296
62.46400451,103.04102325,8.54948520,58.09960556,58.11600112,9.75101661,21.80118751
62.55999755,103.00041961,8.54881000,58.13031387,58.13999938,9.75107955,21.79946517
62.65600585,103.26987457,0.00000000,58.17544555,58.16400146,9.75104236,0.00000000
62.75199890,103.44719696,8.54977703,58.17067718,58.18799972,9.75078868,21.80193328
62.84800720,103.00383758,8.55443000,58.16030502,58.21200180,9.75101184,21.81379508
62.94400024,103.32460784,8.55099105,58.21557235,58.23600006,9.75107002,21.80502700
63.03999328,103.36840057,0.00000000,58.26547241,58.25999832,9.75082874,0.00000000
63.13600158,103.08052825,8.55237579,58.25424194,58.28400039,9.75092983,21.80855751
63.23199462,102.99779510,8.55352210,58.27207565,58.30799865,9.75117206,21.81148147
63.32800292,103.32886505,8.55310821,58.30254745,58.33200073,9.75107479,21.81042480
63.42399597,103.36760711,0.00000000,58.38847351,58.35599899,9.75086879,0.00000000
63.52000427,103.02951812,0.00000000,58.38351440,58.38000106,9.75115013,0.00000000
63.61599731,103.33020782,8.55409812,58.36629867,58.40399932,9.75108528,21.81295013
63.71200561,103.34600067,8.55739688,58.36823272,58.42800140,9.75072383,21.82136344
63.80799865,103.50640869,8.55588436,58.40935897,58.45199966,9.75074386,21.81750488
63.90400695,102.97565460,8.55788707,58.42175674,58.47600173,9.75106143,21.82261276
64.00000000,103.26657867,8.55535602,58.47024917,58.50000000,9.75106048,21.81615829
64.09599304,103.44136810,8.55301475,58.51504898,58.52399826,9.75064182,21.81018829
64.19200134,103.05050659,8.55205154,58.54730606,58.54800033,9.75078678,21.80773162
64.28799438,102.94464111,8.55814552,58.52427673,58.57199859,9.75106906,21.82327079
64.38400268,103.26490020,0.00000000,58.60820007,58.59600067,9.75102138,0.00000000
64.47999572,103.39234161,8.55454444,58.60333633,58.61999893,9.75080013,21.81408882
64.57600402,103.40258026,8.55508995,58.62462615,58.64400100,9.75084590,21.81548118
64.67199707,102.99761199,8.55731391,58.63320922,58.66799926,9.75104331,21.82114982
64.76800537,102.96087646,8.55879592,58.64892196,58.69200134,9.75101852,21.82492828
64.86399841,103.33474731,0.00000000,58.74131011,58.71599960,9.75122070,0.00000000
64.96000671,103.32492065,8.55469417,58.73022079,58.74000167,9.75085830,21.81447029
65.05599975,103.39783477,8.55715370,58.73611068,58.76399993,9.75089263,21.82074165
65.15199279,103.20588684,8.55929470,58.74610137,58.78799819,9.75085544,21.82620239
65.24800109,103.09810638,8.55696964,58.79187774,58.81200027,9.75109767,21.82027244
65.34399414,103.06742858,8.55558776,58.82838058,58.83599853,9.75110340,21.81674957
65.44000244,102.99252319,0.00000000,58.87103271,58.86000061,9.75097084,0.00000000
65.53599548,103.00936126,8.55804061,58.85710906,58.88399887,9.75106811,21.82300376