Experience Name: 20170815 air after filter
Operator Name: 
Start time: 8/15/2017 8:31:02 AM 8/15/2017 8:31:02 AM
Sampling/Pumping time: 120
Waiting time: 20
Lowest Temperature: 50
Low holding time: 0.5
Temperature 1: 80
Temp1 holding time: 0.5
Ramping speed 1: 15
Temperature2: 80
Temp2 holding time: 0
Ramping speed 2: 30.0
Time,PID1,PID2,Temp,Setpoint,pressure,pwm%

73.31199645,114.58440399,0.00000000,63.11826705,60.82799911,9.75092411,0.00000000
73.40800476,114.62284851,0.00000000,60.71641540,60.85200119,9.75049495,20.91891860
73.50399780,114.33297729,0.00000000,60.74242782,60.87599945,9.75090312,20.92231941
73.60000610,114.65497589,0.00000000,60.75616073,60.90000152,9.75074005,20.92971611
73.69599914,114.68357849,0.00000000,60.76669692,60.92399978,9.75061893,20.93847465
73.79200744,114.47177886,0.00000000,60.77304077,60.94800186,9.75077533,20.94902038
73.88800048,114.80359649,0.00000000,60.83214569,60.97200012,9.75066566,20.94268608
73.98399353,114.54637908,0.00000000,60.87083816,60.99599838,9.75100803,20.94203186
74.08000183,114.65763854,0.00000000,60.84728240,61.02000045,9.75098228,20.96147918
74.17599487,114.91294097,0.00000000,60.83993911,61.04399871,9.75052356,20.97700309
74.27200317,114.62610626,0.00000000,60.88602828,61.06800079,9.75091838,20.97583770
74.36799621,114.99855804,0.00000000,60.89620590,61.09199905,9.75100994,20.98585700
74.46400451,115.11850738,0.00000000,60.95111465,61.11600112,9.75062274,20.98152923
74.55999755,115.05957031,0.00000000,60.97185897,61.13999938,9.75088119,20.98755073
74.65600585,114.77111053,0.00000000,60.98508834,61.16400146,9.75095558,20.99614906
74.75199890,115.02001953,0.00000000,61.04323959,61.18799972,9.75100612,20.99024772
74.84800720,115.14720153,0.00000000,61.04600524,61.21200180,9.75058364,21.00159835
74.94400024,115.04445648,0.00000000,63.44842910,61.23600006,9.75090885,0.00000000
75.03999328,114.74443817,0.00000000,61.04648208,61.25999832,9.75088691,20.95588684
75.13600158,115.07752227,0.00000000,61.09762191,61.28400039,9.75073051,20.95333862
75.23199462,115.30735015,0.00000000,61.08016967,61.30799865,9.75053977,20.97260856
75.32800292,114.94866180,0.00000000,61.10370254,61.33200073,9.75095272,20.97959709
75.42399597,114.80074310,0.00000000,61.12857055,61.35599899,9.75088119,20.98616027
75.52000427,115.19899749,0.00000000,61.15591812,61.38000106,9.75058174,20.99188041
75.61599731,115.21466064,0.00000000,61.21320724,61.40399932,9.75052547,20.98761558
75.71200561,114.91622161,0.00000000,61.19466018,61.42800140,9.75101184,21.00737953
75.80799865,115.17415618,0.00000000,61.22484207,61.45199966,9.75054645,21.01233863
75.90400695,114.99322509,0.00000000,61.22658538,61.47600173,9.75091171,21.02649879
76.00000000,115.15481567,0.00000000,61.27076339,61.50000000,9.75076389,21.02732276
76.09599304,115.20454406,0.00000000,61.29689407,61.52399826,9.75067806,21.03349685
76.19200134,114.82231140,0.00000000,61.28680801,61.54800033,9.75101852,21.05155944
76.28799438,115.03533935,0.00000000,61.31413269,61.57199859,9.75093746,21.05830001
76.38400268,115.21717834,0.00000000,61.36732101,61.59600067,9.75054740,21.05640411
76.47999572,114.79713439,0.00000000,61.35430526,61.61999893,9.75087356,21.07547950
76.57600402,115.33641052,0.00000000,63.80691528,61.64400100,9.75103950,0.00000000
76.67199707,114.81439971,0.00000000,61.39099884,61.66799926,9.75083160,21.02229309
76.76800537,115.16870117,0.00000000,61.43784713,61.69200134,9.75102424,21.02306556
76.86399841,115.45292663,0.00000000,61.41865539,61.71599960,9.75063323,21.04494285
76.96000671,115.05294036,0.00000000,61.47923660,61.74000167,9.75090789,21.04179191
77.05599975,115.32256317,0.00000000,61.48302841,61.76399993,9.75110912,21.05628395
77.15199279,115.17761993,0.00000000,61.54756546,61.78799819,9.75089645,21.05133438
77.24800109,115.54903411,0.00000000,61.52594375,61.81200027,9.75102806,21.07360267
77.34399414,115.65280151,0.00000000,61.55738830,61.83599853,9.75060462,21.07972908
77.44000244,115.16435241,0.00000000,61.58766937,61.86000061,9.75077533,21.08601379
77.53599548,115.42924499,0.00000000,61.57577133,61.88399887,9.75100612,21.10602760
77.63200378,115.26379394,0.00000000,61.64889526,61.90800094,9.75092411,21.09906387
77.72799682,115.51964569,0.00000000,61.66100692,61.93199920,9.75095272,21.11075973
77.82400512,115.61759185,0.00000000,61.65280532,61.95600128,9.75075149,21.12951850
77.91999816,115.18807220,0.00000000,61.66422653,61.97999954,9.75090885,21.14276313
78.01600646,115.53675842,0.00000000,61.74340438,62.00400161,9.75118160,21.13402748
78.11199951,115.25608825,0.00000000,61.73782348,62.02799987,9.75101184,21.15160942
78.20799255,115.72940826,0.00000000,64.18607330,62.05199813,9.75115299,0.00000000
78.30400085,115.58380126,0.00000000,61.76786422,62.07600021,9.75068187,21.10221672
78.39999389,115.13224029,0.00000000,61.79857254,62.09999847,9.75100612,21.10924530
78.49600219,115.40562438,0.00000000,61.82346343,62.12400054,9.75092220,21.11799430
78.59199523,115.11251068,0.00000000,61.84056091,62.14799880,9.75091934,21.12928962
78.68800354,115.35163879,0.00000000,61.83004379,62.17200088,9.75108718,21.14990234
78.78399658,115.41181182,0.00000000,61.86452102,62.19599914,9.75058364,21.15670394
78.88000488,115.02415466,0.00000000,61.90366744,62.22000122,9.75089836,21.16164970
78.97599792,115.27303314,0.00000000,61.90533828,62.24399948,9.75097942,21.17850685
79.07200622,115.17170715,0.00000000,61.97593307,62.26800155,9.75073623,21.17329025
79.16799926,115.11277770,0.00000000,61.96651458,62.29199981,9.75101375,21.19308090
79.26400756,115.29878997,0.00000000,61.99863052,62.31600189,9.75074672,21.20016860
79.36000061,114.72480010,0.00000000,61.99722290,62.34000015,9.75111484,21.21807479
79.45599365,114.83148956,0.00000000,62.04776763,62.36399841,9.75106334,21.21959877
79.55200195,114.70510864,0.00000000,62.05747222,62.38800048,9.75074005,21.23380470
79.64799499,114.47687530,0.00000000,62.11524200,62.41199874,9.75113201,21.23257637
79.74400329,114.68013763,0.00000000,62.11340713,62.43600082,9.75072097,21.25000572
79.83999633,114.52974700,0.00000000,64.49118041,62.45999908,9.75116443,0.00000000
79.93600463,114.17352294,0.00000000,62.17420196,62.48400115,9.75103569,21.19452667
80.03199768,114.56642913,0.00000000,62.20553207,62.50799942,9.75063991,21.20140075
80.12800598,114.31598663,0.00000000,62.18791198,62.53200149,9.75072479,21.22421073
80.22399902,114.20302581,0.00000000,62.20288467,62.55599975,9.75103950,21.23751068
80.32000732,114.47310638,0.00000000,62.22911071,62.58000183,9.75114154,21.24736976
80.41600036,114.57576751,0.00000000,62.23771667,62.60400009,9.75056838,21.26297760
80.51199340,114.24366760,0.00000000,62.27658081,62.62799835,9.75084495,21.26906013
80.60800170,114.14820098,0.00000000,62.27801132,62.65200042,9.75109481,21.28705215
80.70399475,114.41518402,0.00000000,62.32667160,62.67599868,9.75115585,21.29013442
80.80000305,114.46308898,0.00000000,62.31694412,62.70000076,9.75077724,21.31174659
80.89599609,114.52281188,0.00000000,62.34395599,62.72399902,9.75065708,21.32224273
80.99200439,114.12960052,0.00000000,62.33658981,62.74800109,9.75098037,21.34399414
81.08799743,114.23693847,0.00000000,62.36629486,62.77199935,9.75089454,21.35445213
81.18400573,114.44075775,0.00000000,62.41278839,62.79600143,9.75067043,21.35920143
81.27999877,114.54853057,0.00000000,62.47212982,62.81999969,9.75057411,21.35903549
81.37600708,114.10036468,0.00000000,62.48369216,62.84400177,9.75097370,21.37357711
81.47200012,114.25268554,0.00000000,64.85366821,62.86800003,9.75102043,0.00000000
81.56799316,114.35723114,0.00000000,62.54458618,62.89199829,9.75085639,21.32055854
81.66400146,114.45653533,0.00000000,62.53347396,62.91600036,9.75065422,21.34256744
81.75999450,114.07694244,0.00000000,62.54747009,62.93999862,9.75093364,21.35734176
81.85600280,114.03564453,0.00000000,62.53039932,62.96400070,9.75095844,21.38267326
81.95199584,114.33337402,0.00000000,62.58325576,62.98799896,9.75111103,21.38615798
82.04800415,114.49970245,0.00000000,62.64147949,63.01200103,9.75058078,21.38700485
82.14399719,114.12277984,0.00000000,62.62550354,63.03599929,9.75091934,21.41131210
82.24000549,114.24266052,0.00000000,62.64600753,63.06000137,9.75096225,21.42478179
82.33599853,114.39871978,0.00000000,62.63888168,63.08399963,9.75083827,21.44747352
82.43200683,114.56822204,0.00000000,62.70079803,63.10800170,9.75074386,21.44831657
82.52799987,114.42160797,0.00000000,62.68601608,63.13199996,9.75102138,21.47332763
82.62399291,114.81429290,0.00000000,62.71841812,63.15599822,9.75079059,21.48393440
82.72000122,114.67345428,0.00000000,62.74869537,63.18000030,9.75068187,21.49499130
82.81599426,114.63880920,0.00000000,62.79439926,63.20399856,9.75100803,21.50076675
82.91200256,115.07546997,0.00000000,62.81674194,63.22800064,9.75043678,21.51360321
83.00799560,114.62955474,0.00000000,62.83784103,63.25199890,9.75077247,21.52689743
83.10400390,115.13542175,0.00000000,65.21156311,63.27600097,9.75102424,0.00000000
83.19999694,115.03327941,0.00000000,62.83736419,63.29999923,9.75054168,21.49725341
83.29600524,114.49469757,0.00000000,62.84573364,63.32400131,9.75090980,21.51629257
83.39199829,114.83566284,0.00000000,62.85557937,63.34799957,9.75065994,21.53531074
83.48800659,114.42789459,0.00000000,62.86144256,63.37200164,9.75100421,21.55607032
83.58399963,114.72417449,0.00000000,62.93645095,63.39599990,9.75058364,21.55455398
83.67999267,114.33498382,0.00000000,62.96589660,63.41999816,9.75101184,21.56654167
83.77600097,114.56198120,0.00000000,62.97841262,63.44400024,9.75078105,21.58395576
83.87199401,114.30303955,0.00000000,62.96313095,63.46799850,9.75091171,21.61088562
83.96800231,114.59683227,0.00000000,62.98880767,63.49200057,9.75062847,21.62547874
84.06399536,114.26997375,0.00000000,63.03858947,63.51599884,9.75090312,21.63206481
84.16000366,114.55024719,0.00000000,63.05611419,63.54000091,9.75082492,21.64852523
84.25599670,114.28453826,0.00000000,63.05835342,63.56399917,9.75101089,21.67022132
84.35200500,114.89476776,0.00000000,63.14704513,63.58800125,9.75074386,21.66404151
84.44799804,114.81535339,0.00000000,63.11395263,63.61199951,9.75090408,21.69610977
84.54400634,115.23090362,0.00000000,63.17866134,63.63600158,9.75079250,21.69761848
84.63999938,114.97261810,0.00000000,63.18679046,63.65999984,9.75101566,21.71657562
84.73599243,115.44531250,0.00000000,65.54129028,63.68399810,9.75086975,0.00000000
84.83200073,114.86285400,0.00000000,63.21630477,63.70800018,9.75092983,21.68115615
84.92799377,115.24528503,0.00000000,63.19940185,63.73199844,9.75067806,21.70940399
85.02400207,114.81852722,0.00000000,63.22283935,63.75600051,9.75077724,21.72556877
85.11999511,115.17757415,0.00000000,63.26608657,63.77999877,9.75055313,21.73521041
85.21600341,114.85873413,0.00000000,63.24696731,63.80400085,9.75105094,21.76485824
85.31199645,115.07073211,0.00000000,63.32397460,63.82799911,9.75060081,21.76407432
85.40800476,114.88453674,0.00000000,63.30785751,63.85200119,9.75094127,21.79243469
85.50399780,114.57628631,0.00000000,63.32745742,63.87599945,9.75061416,21.81020927
85.60000610,114.82640838,0.00000000,63.32583618,63.90000152,9.75092315,21.83511924
85.69599914,114.48741912,0.00000000,63.34667205,63.92399978,9.75090980,21.85338783
85.79200744,114.69802856,0.00000000,63.41953277,63.94800186,9.75067234,21.85458564
85.88800048,114.35725402,0.00000000,63.39292526,63.97200012,9.75096893,21.88714027
85.98399353,114.66698455,0.00000000,63.41924667,63.99599838,9.75062847,21.90374565
86.08000183,114.23112487,0.00000000,63.43980026,64.02000427,9.75092220,21.92218780
86.17599487,114.55422973,0.00000000,63.48803329,64.04399871,9.75052547,21.93159675
86.27200317,114.18631744,0.00000000,63.50831985,64.06800079,9.75101375,21.94950103
86.36799621,114.70815277,0.00000000,65.89188385,64.09199523,9.75054645,0.00000000
86.46400451,114.17937469,0.00000000,63.56382369,64.11599731,9.75095462,21.90981674
86.55999755,114.34857177,0.00000000,63.55593490,64.13999938,9.75052547,21.93690490
86.65600585,113.79930877,0.00000000,63.61460876,64.16400146,9.75070762,21.94298553
86.75199890,114.24768066,0.00000000,63.58938217,64.18800354,9.75055408,21.97571372
86.84800720,114.11006927,0.00000000,63.57348251,64.21200561,9.75106048,22.00683975
86.94400024,114.31978607,0.00000000,63.60530853,64.23600006,9.75056266,22.02341079
87.03999328,114.05393981,0.00000000,63.65304183,64.25999450,9.75094699,22.03449630
87.13600158,114.30448913,0.00000000,63.66362762,64.28399658,9.75057983,22.05713462
87.23199462,114.16889953,0.00000000,63.70158386,64.30799865,9.75099182,22.07114028
87.32800292,114.40373229,0.00000000,63.68196105,64.33200073,9.75051212,22.10372924
87.42399597,113.86561584,0.00000000,63.73715591,64.35600280,9.75099849,22.11293601
87.52000427,114.29213714,0.00000000,63.76519393,64.38000488,9.75053119,22.13016891
87.61599731,114.29478454,0.00000000,63.75272369,64.40399932,9.75091266,22.16064834
87.71200561,114.42012023,0.00000000,63.75537109,64.42800140,9.75045585,22.18723297
87.80799865,114.06558990,0.00000000,63.87160110,64.45199584,9.75104522,22.17697334
87.90400695,114.37283325,0.00000000,63.84258270,64.47599792,9.75058746,22.21188354
88.00000000,114.21612548,0.00000000,66.20593261,64.50000000,9.75107002,0.00000000
88.09599304,114.35088348,0.00000000,63.91904449,64.52400207,9.75052356,22.17031478
88.19200134,113.87098693,0.00000000,63.89834976,64.54800415,9.75086021,22.20321464
88.28799438,114.26373291,0.00000000,63.90559768,64.57199859,9.75057411,22.22823143
88.38400268,114.06520080,0.00000000,63.95745468,64.59600067,9.75082302,22.23903083
88.47999572,114.53421783,0.00000000,63.94677352,64.61999511,9.75052547,22.26963043
88.57600402,114.39488983,0.00000000,64.00430297,64.64399719,9.75097942,22.27876281
88.67199707,114.74970245,0.00000000,64.03055572,64.66799926,9.75090599,22.29721069
88.76800537,114.57341766,0.00000000,64.03205871,64.69200134,9.75097751,22.32375907
88.86399841,114.87071228,0.00000000,64.04402160,64.71600341,9.75087642,22.34753036
88.96000671,114.90374755,0.00000000,64.09378051,64.74000549,9.75051212,22.35918807
89.05599975,114.36044311,0.00000000,64.11804962,64.76399993,9.75085163,22.37848472
89.15199279,114.78899383,0.00000000,64.10465240,64.78799438,9.75053501,22.41020202
89.24800109,114.52313232,0.00000000,64.14237213,64.81199645,9.75081729,22.42617607
89.34399414,114.71596527,0.00000000,64.12730407,64.83599853,9.75096511,22.45915603
89.44000244,114.82791137,0.00000000,64.22913360,64.86000061,9.75061988,22.45473289
89.53599548,114.34176635,0.00000000,64.18991088,64.88400268,9.75094699,22.49452209
89.63200378,114.53847503,0.00000000,66.56752014,64.90800476,9.75089836,0.00000000
89.72799682,114.61605072,0.00000000,64.23490142,64.93199920,9.75043201,22.46655273
89.82400512,114.48182678,0.00000000,64.26744842,64.95600128,9.75055503,22.48464584
89.91999816,114.25249481,0.00000000,64.28327941,64.97999572,9.75064659,22.50799560
90.01600646,114.61663818,0.00000000,64.31322479,65.00399780,9.75084209,22.52693557
90.11199951,114.65586853,0.00000000,64.31377410,65.02799987,9.75050544,22.55539703
90.20799255,114.23131561,0.00000000,64.36679840,65.05200195,9.75090026,22.56724739
90.30400085,114.08840179,0.00000000,64.35351562,65.07600402,9.75094890,22.60010910
90.39999389,114.42679595,0.00000000,64.37418365,65.09999847,9.75067806,22.62288093
90.49600219,114.63129425,0.00000000,64.41474151,65.12400054,9.75058078,22.63919067
90.59199523,114.36959838,0.00000000,64.44490051,65.14799499,9.75089836,22.65843391
90.68800354,114.55330657,0.00000000,64.43450927,65.17199707,9.75088500,22.69087791
90.78399658,114.93423461,0.00000000,64.49546813,65.19599914,9.75082969,22.70080566
90.88000488,115.01987457,0.00000000,64.50095367,65.22000122,9.75057601,22.72793197
90.97599792,114.60958862,0.00000000,64.53556823,65.24400329,9.75099182,22.74600219
91.07200622,114.43835449,0.00000000,64.57491302,65.26800537,9.75098705,22.76219177
91.16799926,114.70408630,0.00000000,64.56108093,65.29199981,9.75095462,22.79546928
91.26400756,114.99173736,0.00000000,66.93634796,65.31600189,9.75051784,0.00000000
91.36000061,114.79467010,0.00000000,64.60662078,65.33999633,9.75059413,22.76959800
91.45599365,114.44510650,0.00000000,64.60695648,65.36399841,9.75074958,22.79940795
91.55200195,114.49414825,0.00000000,64.60189819,65.38800048,9.75091171,22.83171081
91.64799499,114.77990722,0.00000000,64.63842773,65.41200256,9.75084209,22.85116195
91.74400329,114.82552337,0.00000000,64.67075347,65.43600463,9.75056648,22.87162208
91.83999633,114.39469146,0.00000000,64.68706512,65.45999908,9.75094127,22.89711380
91.93600463,114.64743041,0.00000000,64.71958160,65.48400115,9.75090599,22.91749191
92.03199768,114.65267181,0.00000000,64.73002624,65.50799560,9.75064086,22.94489669
92.12800598,114.32952880,0.00000000,64.76810455,65.53199768,9.75083065,22.96359062
92.22399902,114.32619476,0.00000000,64.77401733,65.55599975,9.75086593,22.99247741
92.32000732,114.59162902,0.00000000,64.80350494,65.58000183,9.75042247,23.01412773
92.41600036,114.22776794,0.00000000,64.85300445,65.60400390,9.75071716,23.02900695
92.51199340,114.04158020,0.00000000,64.84351348,65.62799835,9.75078105,23.06258964
92.60800170,114.42642974,0.00000000,64.86735534,65.65200042,9.75057601,23.08617591
92.70399475,114.21337127,0.00000000,64.91327667,65.67599487,9.75063991,23.10247993
92.80000305,114.36218261,0.00000000,64.91420745,65.69999694,9.75081729,23.13297462
92.89599609,114.90042877,0.00000000,67.25942993,65.72399902,9.75062274,0.00000000
92.99200439,114.23535919,0.00000000,64.95308685,65.74800109,9.75105667,23.11349868
93.08799743,114.53997802,0.00000000,64.97919464,65.77200317,9.75104236,23.13665008
93.18400573,114.57583618,0.00000000,65.01224517,65.79600524,9.75061988,23.15744972
93.27999877,114.22321319,0.00000000,65.01686859,65.81999969,9.75101852,23.18735504
93.37600708,114.41922760,0.00000000,65.04092407,65.84400177,9.75098705,23.21142959
93.47200012,114.50580596,0.00000000,65.04631042,65.86799621,9.75057220,23.24166297
93.56799316,114.14958190,0.00000000,65.07704162,65.89199829,9.75092887,23.26409339
93.66400146,114.42478942,0.00000000,65.10219573,65.91600036,9.75099849,23.28816032
93.75999450,114.34201812,0.00000000,65.12377166,65.94000244,9.75079250,23.31337738
93.85600280,114.11175537,0.00000000,65.14968872,65.96400451,9.75076293,23.33723068
93.95199584,114.36524963,0.00000000,65.18383026,65.98799896,9.75047779,23.35831260
94.04800415,113.98088073,0.00000000,65.18965148,66.01200103,9.75104331,23.38843727
94.14399719,114.15748596,0.00000000,65.18509674,66.03599548,9.75093460,23.42253112
94.24000549,114.26780700,0.00000000,65.22453308,66.05999755,9.75061988,23.44296264
94.33599853,113.89404296,0.00000000,65.28756713,66.08399963,9.75088882,23.45514678
94.43200683,114.19734954,0.00000000,65.29621887,66.10800170,9.75093460,23.48410415
94.52799987,114.71669769,0.00000000,67.61669921,66.13200378,9.75063705,0.00000000
94.62399291,114.22888946,0.00000000,65.29231262,66.15599822,9.75090789,23.48104667
94.72000122,114.43039703,0.00000000,65.31653594,66.18000030,9.75088310,23.50688171
94.81599426,114.49616241,0.00000000,65.33840179,66.20399475,9.75048828,23.53348922
94.91200256,114.16569519,0.00000000,65.37449645,66.22799682,9.75080108,23.55546569
95.00799560,114.43081665,0.00000000,65.41512298,66.25199890,9.75102043,23.57558631
95.10400390,114.48298645,0.00000000,65.41128540,66.27600097,9.75049972,23.60988044
95.19999694,114.06153869,0.00000000,65.42601776,66.30000305,9.75086879,23.63888168
95.29600524,114.30155181,0.00000000,65.48583984,66.32400512,9.75093460,23.65328025
95.39199829,114.09351348,0.00000000,65.49362945,66.34799957,9.75058650,23.68377113
95.48800659,114.24907684,0.00000000,65.52295684,66.37200164,9.75092983,23.70764541
95.58399963,114.46089935,0.00000000,65.52837371,66.39599609,9.75060272,23.73924636
95.67999267,113.94962310,0.00000000,65.59886932,66.41999816,9.75091266,23.74993133
95.77600097,114.19214630,0.00000000,65.56839752,66.44400024,9.75064277,23.79253959
95.87199401,113.81694030,0.00000000,65.57586669,66.46800231,9.75093746,23.82426643
95.96800231,114.16064453,0.00000000,65.63141632,66.49200439,9.75054168,23.84062004
96.06399536,113.79088592,0.00000000,65.64262390,66.51599884,9.75087356,23.87065696
96.16000366,114.25866699,0.00000000,67.98868560,66.54000091,9.75041961,0.00000000
96.25599670,113.67972564,0.00000000,65.65177917,66.56399536,9.75090599,23.86621475
96.35200500,114.09882354,0.00000000,65.70353698,66.58799743,9.75050163,23.88442230
96.44799804,113.76854705,0.00000000,65.70887756,66.61199951,9.75086212,23.91711616
96.54400634,114.08266448,0.00000000,65.75880432,66.63600158,9.75062465,23.93565368
96.63999938,113.96915435,0.00000000,65.76962280,66.66000366,9.75093746,23.96632003
96.73599243,113.68605804,0.00000000,65.77739715,66.68399810,9.75091743,23.99838447
96.83200073,114.04747009,0.00000000,65.79943084,66.70800018,9.75099182,24.02623367
96.92799377,113.76659393,0.00000000,65.80865478,66.73199462,9.75083351,24.05836486
97.02400207,114.13352203,0.00000000,65.89200592,66.75599670,9.75044059,24.06647872
97.11999511,114.07115936,0.00000000,65.89431762,66.77999877,9.75090503,24.09955787
97.21600341,113.95904541,0.00000000,65.92221069,66.80400085,9.75096416,24.12484169
97.31199645,114.25814819,0.00000000,65.95139312,66.82800292,9.75049495,24.14958763
97.40800476,113.98545074,0.00000000,65.98692321,66.85200500,9.75075531,24.17208099
97.50399780,114.45191192,0.00000000,65.97032928,66.87599945,9.75079154,24.21142768
97.60000610,114.66372680,0.00000000,66.03596496,66.90000152,9.75070571,24.22485733
97.69599914,114.41963958,0.00000000,66.04063415,66.92399597,9.75090026,24.25715637
97.79200744,114.91297149,0.00000000,68.32690429,66.94799804,9.75039863,0.00000000
97.88800048,114.59186553,0.00000000,66.04221343,66.97200012,9.75101184,24.25761032
97.98399353,114.48161315,0.00000000,66.06042480,66.99600219,9.75076580,24.28741455
98.08000183,114.67137145,0.00000000,66.08793640,67.02000427,9.75064754,24.31432342
98.17599487,114.33605957,0.00000000,66.14411163,67.04399871,9.75106048,24.33166503
98.27200317,114.74781036,0.00000000,66.13822174,67.06800079,9.75051212,24.36852645
98.36799621,114.64011383,0.00000000,66.15676879,67.09199523,9.75093460,24.39821624
98.46400451,114.54450988,0.00000000,66.18137359,67.11599731,9.75070190,24.42607498
98.55999755,114.55941772,0.00000000,66.21794891,67.13999938,9.75099468,24.44996452
98.65600585,114.19438934,0.00000000,66.23297119,67.16400146,9.75084209,24.48058700
98.75199890,114.42575073,0.00000000,66.25864410,67.18800354,9.75088500,24.50796890
98.84800720,114.14979553,0.00000000,66.28212738,67.21200561,9.75085639,24.53601837
98.94400024,114.46250915,0.00000000,66.33007812,67.23600006,9.75060558,24.55600929
99.03999328,114.14376068,0.00000000,66.35084533,67.25999450,9.75098991,24.58425331
99.13600158,115.02864837,0.00000000,66.35689544,67.28399658,9.75049304,24.61745071
99.23199462,114.91374206,0.00000000,66.44499206,67.30799865,9.75092411,24.62411308
99.32800292,115.27046966,0.00000000,66.41891479,67.33200073,9.75060081,24.66653060
99.42399597,115.37550354,0.00000000,68.71623992,67.35600280,9.75080490,0.00000000
99.52000427,115.01065063,0.00000000,66.48648071,67.38000488,9.75061988,24.64665985
99.61599731,114.94277954,0.00000000,66.44275665,67.40399932,9.75104236,24.69581222
99.71200561,114.67568969,0.00000000,66.48970031,67.42800140,9.75052738,24.71708106
99.80799865,114.27182769,0.00000000,66.50166320,67.45199584,9.75086307,24.74920082
99.90400695,114.57437133,0.00000000,66.53282928,67.47599792,9.75049686,24.77534866
100.00000000,114.16560363,0.00000000,66.53022766,67.50000000,9.75093746,24.81242370
100.09599304,114.51617431,0.00000000,66.55338287,67.52400207,9.75059318,24.84179496
100.19200134,114.13349914,0.00000000,66.55960083,67.54800415,9.75099372,24.87678337
100.28799438,114.33268737,0.00000000,66.63916015,67.57199859,9.75057792,24.88810157
100.38400268,113.98332977,0.00000000,66.60466003,67.59600067,9.75096893,24.93539237
100.47999572,114.26557159,0.00000000,66.66784667,67.61999511,9.75068187,24.95219993
100.57600402,113.81143188,0.00000000,66.69760131,67.64399719,9.75102710,24.97886466
100.67199707,114.13517761,0.00000000,66.73183441,67.66799926,9.75070953,25.00388145
100.76800537,113.96872711,0.00000000,66.69029998,67.69200134,9.75100421,25.05359268
100.86399841,114.21788024,0.00000000,66.82781982,67.71600341,9.75062847,25.04618263
100.96000671,113.97302246,0.00000000,66.75024414,67.74000549,9.75100994,25.10634994
101.05599975,113.97253417,0.00000000,69.02645111,67.76399993,9.75074577,0.00000000
101.15199279,114.04035949,0.00000000,66.85099792,67.78799438,9.75072383,25.08075714
101.24800109,113.67209625,0.00000000,66.87352752,67.81199645,9.75088119,25.10935211
101.34399414,114.04942321,0.00000000,66.86899566,67.83599853,9.75054264,25.14692306
101.44000244,113.94696044,0.00000000,66.86468505,67.86000061,9.75102710,25.18527793
101.53599548,113.66934967,0.00000000,66.90220642,67.88400268,9.75101375,25.21067237
101.63200378,113.97428894,0.00000000,66.94869995,67.90800476,9.75089073,25.23270606
101.72799682,113.67669677,0.00000000,66.98906707,67.93199920,9.75085353,25.25608062
101.82400512,114.02675628,0.00000000,66.97855377,67.95600128,9.75047302,25.29576110
101.91999816,113.59456634,0.00000000,67.04483032,67.97999572,9.75093460,25.31113052
102.01600646,114.08589172,0.00000000,67.02136993,68.00399780,9.75049972,25.35484886
102.11199951,114.03887176,0.00000000,67.04438018,68.02799987,9.75111103,25.38465499
102.20799255,113.76216125,0.00000000,67.09168243,68.05200195,9.75091838,25.40647315
102.30400085,113.96218872,0.00000000,67.16823577,68.07600402,9.75058650,25.41794395
102.39999389,113.75915527,0.00000000,67.14138793,68.09999847,9.75085163,25.46195220
102.49600219,114.15343475,0.00000000,67.20514678,68.12400054,9.75040245,25.47759056
102.59199523,113.83908843,0.00000000,67.20848083,68.14799499,9.75085926,25.51197624
102.68800354,114.36204528,0.00000000,69.46778106,68.17199707,9.75048351,0.00000000
102.78399658,114.06476593,0.00000000,67.22746276,68.19599914,9.75097370,25.51086425
102.88000488,113.76826477,0.00000000,67.25597381,68.22000122,9.75078296,25.53843116
102.97599792,113.99467468,0.00000000,67.26641845,68.24400329,9.75085353,25.57182693
103.07200622,113.73722076,0.00000000,67.29569244,68.26800537,9.75094985,25.59941673
103.16799926,114.11206054,0.00000000,67.33722686,68.29199981,9.75056457,25.62279701
103.26400756,113.81440734,0.00000000,67.31937408,68.31600189,9.75086784,25.66525268
103.36000061,114.06708526,0.00000000,67.37196350,68.33999633,9.75060081,25.68571281
103.45599365,113.78063201,0.00000000,67.41490173,68.36399841,9.75087547,25.70850753
103.55200195,114.13292694,0.00000000,67.41919708,68.38800048,9.75070953,25.74348640
103.64799499,113.87129211,0.00000000,67.44528198,68.41200256,9.75101470,25.77186203
103.74400329,114.07533264,0.00000000,67.49174499,68.43600463,9.75090312,25.79344940
103.83999633,113.76828002,0.00000000,67.46907043,68.45999908,9.75077533,25.83718109
103.93600463,114.14949035,0.00000000,67.51613616,68.48400115,9.75084209,25.85929679
104.03199768,114.34039306,0.00000000,67.56572723,68.50799560,9.75043010,25.87988662
104.12800598,113.90086364,0.00000000,67.66107177,68.53199768,9.75081348,25.88461303
104.22399902,114.22246551,0.00000000,67.64233398,68.55599975,9.75088882,25.92484283
104.32000732,114.34777069,0.00000000,69.83411407,68.58000183,9.75055980,0.00000000
104.41600036,113.96437072,0.00000000,67.62566375,68.60400390,9.75076580,25.93597221
104.51199340,114.26914215,0.00000000,67.69991302,68.62799835,9.75043010,25.94873619
104.60800170,113.89086914,0.00000000,67.66043090,68.65200042,9.75069999,25.99752807
104.70399475,113.82193756,0.00000000,67.71316528,68.67599487,9.75094699,26.01779174
104.80000305,114.18885040,0.00000000,67.73484039,68.69999694,9.75045585,26.04744338
6.17599487,116.46528625,0.00000000,50.03290176,50.00000000,9.75087833,0.00000000
26.27200317,116.12377929,0.00000000,49.99926376,50.00000000,9.75074958,22.04950141
26.36799621,116.23701477,0.00000000,49.96257019,50.00000000,9.75080013,22.06163024
26.46400451,116.42280578,0.00000000,50.03678894,50.00000000,9.75047492,0.00000000
26.55999755,116.09828186,0.00000000,50.01573562,50.00000000,9.75082397,0.00000000
26.65600585,116.41851043,0.00000000,50.01397323,50.00000000,9.75044918,0.00000000
26.75199890,116.12713623,0.00000000,50.04177093,50.00000000,9.75095462,0.00000000
26.84800720,116.30809783,0.00000000,50.00760650,50.00000000,9.75082397,0.00000000
26.94400024,116.50461578,0.00000000,50.01664352,50.00000000,9.75043010,0.00000000
27.03999328,116.10900115,0.00000000,50.04737472,50.00000000,9.75079727,0.00000000
27.13600158,116.34981536,0.00000000,49.99757003,50.00000000,9.75057220,22.04580879
27.23199462,116.00113677,0.00000000,49.99485015,50.00000000,9.75067615,22.04677963
27.32800292,115.89731597,0.00000000,50.04501342,50.00000000,9.75077724,0.00000000
27.42399597,116.29292297,0.00000000,50.00200271,50.00000000,9.75038433,0.00000000
27.52000427,115.92694854,0.00000000,50.00157546,50.00000000,9.75058364,0.00000000
27.61599731,115.99670410,0.00000000,50.05378723,50.00000000,9.75105285,0.00000000
27.71200561,116.20537567,0.00000000,50.02272415,50.00000000,9.75056171,0.00000000
27.80799865,116.31620025,0.00000000,49.98603057,50.00000000,9.75050354,22.04609107
27.90400695,115.81405639,0.00000000,50.02732467,50.00000000,9.75093936,0.00000000
28.00000000,116.16794586,0.00000000,50.00305175,50.00000000,9.75064182,0.00000000
28.09599304,116.07550811,0.00000000,50.01638031,50.00000000,9.75063133,0.00000000
28.19200134,115.98341369,0.00000000,49.97456359,50.00000000,9.75082302,22.04889488
28.28799438,116.15791320,0.00000000,49.99742507,50.00000000,9.75019550,22.04211425
28.38400268,115.77021789,0.00000000,49.98135757,50.00000000,9.75078868,22.04749298
28.47999572,116.04440307,0.00000000,50.01611709,50.00000000,9.75081825,0.00000000
28.57600402,115.78521728,0.00000000,49.97258377,50.00000000,9.75097370,22.05046463
28.67199707,116.07236480,0.00000000,50.02961349,50.00000000,9.75090312,0.00000000
28.76800537,116.21583557,0.00000000,50.04892349,50.00000000,9.75035095,0.00000000
28.86399841,115.95880889,0.00000000,50.05266952,50.00000000,9.75080394,0.00000000
28.96000671,116.14523315,0.00000000,50.02284240,50.00000000,9.75044059,0.00000000
29.05599975,116.06709289,0.00000000,49.99971389,50.00000000,9.75088691,22.03771400
29.15199279,115.93806457,0.00000000,50.00691604,50.00000000,9.75048828,0.00000000
29.24800109,115.96956634,0.00000000,50.03538131,50.00000000,9.75097560,0.00000000
29.34399414,115.79102325,0.00000000,50.06509017,50.00000000,9.75063514,0.00000000
29.44000244,116.00190734,0.00000000,50.03020858,50.00000000,9.75067234,0.00000000
29.53599548,115.97648620,0.00000000,50.07217025,50.00000000,9.75064086,0.00000000
29.63200378,115.92427062,0.00000000,50.04885482,50.00000000,9.75073242,0.00000000
29.72799682,115.71999359,0.00000000,49.96013641,50.00000000,9.75072097,22.04302597
29.82400512,115.91830444,0.00000000,49.99179840,50.00000000,9.75072574,22.03377342
29.91999816,115.55470275,0.00000000,50.03276062,50.00000000,9.75066280,0.00000000
30.01600646,115.85932922,0.00000000,50.01225662,50.00400161,9.75047492,0.00000000
30.11199951,115.61304473,0.00000000,50.02629852,50.02799987,9.75085067,22.03064537
30.20799255,115.90280914,0.00000000,50.04224777,50.05199813,9.75057029,22.03335189
30.30400085,115.49994659,0.00000000,50.09005355,50.07600021,9.75086975,0.00000000
30.39999389,115.86203002,0.00000000,50.04281997,50.09999847,9.75040626,22.04887390
30.49600219,115.53987884,0.00000000,50.05097579,50.12400054,9.75077724,22.05581855
30.59199523,115.99542236,0.00000000,50.05617141,50.14799880,9.75036334,22.06421279
30.68800354,115.83190155,0.00000000,50.12605285,50.17200088,9.75071620,22.05182838
30.78399658,115.86568450,0.00000000,50.12509918,50.19599914,9.75052928,22.06144142
30.88000488,116.10087585,0.00000000,52.63068771,50.22000122,9.75087642,0.00000000
30.97599792,115.85018157,0.00000000,50.16532135,50.24399948,9.75045108,21.99381256
31.07200622,115.53460693,0.00000000,50.16389083,50.26800155,9.75084590,22.00456428
31.16799926,115.79857635,0.00000000,50.18165206,50.29199981,9.75052928,22.00974655
31.26400756,115.47170257,0.00000000,50.20732879,50.31600189,9.75083065,22.01250457
31.36000061,115.80912780,0.00000000,50.24812316,50.34000015,9.75059700,22.01022148
31.45599365,115.48212432,0.00000000,50.28832244,50.36399841,9.75091457,22.00763130
31.55200195,115.64445495,0.00000000,50.27649688,50.38800048,9.75070953,22.02172470
31.64799499,115.71407318,0.00000000,50.25911331,50.41199874,9.75054550,22.03872680
31.74400329,115.39894104,0.00000000,50.34070205,50.43600082,9.75074672,22.02430915
31.83999633,115.73211669,0.00000000,50.33388137,50.45999908,9.75056648,22.03734016
31.93600463,115.39002990,0.00000000,50.40092468,50.48400115,9.75056743,22.02692031
32.03199768,115.32190704,0.00000000,50.42390823,50.50799942,9.75066471,22.02974510
32.12800598,115.78801727,0.00000000,50.41608810,50.53200149,9.75043296,22.04277038
32.22399902,115.47422790,0.00000000,50.40290451,50.55599975,9.75064659,22.05851554
32.32000732,115.65521240,0.00000000,50.52285385,50.58000183,9.75082111,22.03144645
32.41600036,115.77980041,0.00000000,50.48694610,50.60400009,9.75045394,22.05292892
32.51199340,115.80138397,0.00000000,53.02560424,50.62799835,9.75090408,0.00000000
32.60800170,115.65969085,0.00000000,50.57425689,50.65200042,9.75095272,21.97153854
32.70399475,115.69541168,0.00000000,50.61543273,50.67599868,9.75044631,21.96820068
32.80000305,115.32570648,0.00000000,50.60265350,50.70000076,9.75091934,21.98215484
32.89599609,115.63547515,0.00000000,50.61831665,50.72399902,9.75094699,21.98782730
32.99200439,115.74975585,0.00000000,50.68276214,50.74800109,9.75058937,21.97765159
33.08799743,115.36869812,0.00000000,50.67868423,50.77199935,9.75080680,21.98887443
33.18400573,115.64366149,0.00000000,50.73473739,50.79600143,9.75078868,21.98109817
33.27999877,115.73128509,0.00000000,50.75302124,50.81999969,9.75055217,21.98482322
33.37600708,115.35894012,0.00000000,50.75750350,50.84400177,9.75095748,21.99327278
33.47200012,115.68769836,0.00000000,50.79793930,50.86800003,9.75051403,21.99044418
33.56799316,115.33927154,0.00000000,50.82392883,50.89199829,9.75079059,21.99188613
33.66400146,115.56114959,0.00000000,50.84440994,50.91600036,9.75087070,21.99509239
33.75999450,115.34826660,0.00000000,50.87588119,50.93999862,9.75087165,21.99477386
33.85600280,115.63296508,0.00000000,50.91002273,50.96400070,9.75080490,21.99335098
33.95199584,115.33424377,0.00000000,50.93572235,50.98799896,9.75101375,21.99440765
34.04800415,115.54277801,0.00000000,50.96392822,51.01200103,9.75057983,21.99458885
34.14399719,115.62454986,0.00000000,53.49099731,51.03599929,9.75077915,0.00000000
34.24000549,115.64897155,0.00000000,51.01037216,51.06000137,9.75041770,21.92289543
34.33599853,115.26654815,0.00000000,51.02298355,51.08399963,9.75080680,21.92814254
34.43200683,115.65872955,0.00000000,51.08733367,51.10800170,9.75054740,21.91665840
34.52799987,115.35111999,0.00000000,51.10251998,51.13199996,9.75093746,21.92018699
34.62399291,115.70011138,0.00000000,51.10182952,51.15599822,9.75049018,21.92921829
34.72000122,115.52590179,0.00000000,51.15261077,51.18000030,9.75080680,21.92200851
34.81599426,115.25358581,0.00000000,51.20446777,51.20399856,9.75078296,0.00000000
34.91200256,115.57557678,0.00000000,51.23105239,51.22800064,9.75069236,0.00000000
35.00799560,115.26888275,0.00000000,51.23732376,51.25199890,9.75095081,21.91852760
35.10400390,115.57275390,0.00000000,51.21335983,51.27600097,9.75054550,21.93479919
35.19999694,115.22822570,0.00000000,51.26931762,51.29999923,9.75095748,21.92613029
35.29600524,115.64710235,0.00000000,51.25923156,51.32400131,9.75051784,21.93829917
35.39199829,115.56321716,0.00000000,51.29480361,51.34799957,9.75089740,21.93642425
35.48800659,115.24542999,0.00000000,51.34425354,51.37200164,9.75069141,21.92962265
35.58399963,115.50919342,0.00000000,51.37598800,51.39599990,9.75057601,21.92790412
35.67999267,115.18668365,0.00000000,51.38664245,51.41999816,9.75077819,21.93290519
35.77600097,115.79151153,0.00000000,53.95288467,51.44400024,9.75051403,0.00000000
35.87199401,115.15306091,0.00000000,51.44658279,51.46799850,9.75066757,21.85470008
35.96800231,115.49879455,0.00000000,51.49448013,51.49200057,9.75044918,0.00000000
36.06399536,115.24134826,0.00000000,51.48310852,51.51599884,9.75078678,21.85905647
36.16000366,115.25117492,0.00000000,51.50163269,51.54000091,9.75064659,21.86184883
36.25599670,115.43539428,0.00000000,51.54504776,51.56399917,9.75087356,21.85659408
36.35200500,115.15251922,0.00000000,51.55344009,51.58800125,9.75076675,21.86231422
36.44799804,115.39126586,0.00000000,51.58469772,51.61199951,9.75047111,21.86095428
36.54400634,115.09541320,0.00000000,51.61399841,51.63600158,9.75071811,21.86002349
36.63999938,115.55523681,0.00000000,51.66821670,51.65999984,9.75044059,0.00000000
36.73599243,115.34481048,0.00000000,51.69427490,51.68399810,9.75094127,0.00000000
36.83200073,115.11585998,0.00000000,51.68786239,51.70800018,9.75053119,21.85951232
36.92799377,115.39490509,0.00000000,51.71489715,51.73199844,9.75081825,21.85911560
37.02400207,115.12603759,0.00000000,51.69353485,51.75600051,9.75074386,21.87459945
37.11999511,115.37842559,0.00000000,51.75666809,51.77999877,9.75049018,21.86355972
37.21600341,114.99848937,0.00000000,51.76491928,51.80400085,9.75084018,21.86945533
37.31199645,115.45010375,0.00000000,51.77829360,51.82799911,9.75043296,21.87413406
37.40800476,115.25771331,0.00000000,54.30707931,51.85200119,9.75091266,0.00000000
37.50399780,115.37123107,0.00000000,51.85294342,51.87599945,9.75044155,21.79317855
37.60000610,115.22389984,0.00000000,51.85055923,51.90000152,9.75089263,21.80257987
37.69599914,115.43474578,0.00000000,51.86379241,51.92399978,9.75045490,21.80761528
37.79200744,115.32769012,0.00000000,51.89862442,51.94800186,9.75095558,21.80584716
37.88800048,115.37227630,0.00000000,51.96988677,51.97200012,9.75049114,21.79173088
37.98399353,115.30278778,0.00000000,51.98411941,51.99599838,9.75080394,21.79501724
38.08000183,115.43019104,0.00000000,52.00114440,52.02000045,9.75049972,21.79767799
38.17599487,114.90550231,0.00000000,52.01599884,52.04399871,9.75084400,21.80125999
38.27200317,115.34230041,0.00000000,52.05464553,52.06800079,9.75056743,21.79726791
38.36799621,114.93023681,0.00000000,52.03006362,52.09199905,9.75068378,21.81369972
38.46400451,115.45939636,0.00000000,52.13346481,52.11600112,9.75052547,0.00000000
38.55999755,115.29605865,0.00000000,52.13906860,52.13999938,9.75087070,21.79489898
38.65600585,115.54819488,0.00000000,52.16188430,52.16400146,9.75093555,21.79532051
38.75199890,115.55770111,0.00000000,52.14581680,52.18799972,9.75054836,21.80860519
38.84800720,115.19366455,0.00000000,52.23021697,52.21200180,9.75079059,0.00000000
38.94400024,115.48026275,0.00000000,52.21643447,52.23600006,9.75070667,21.80185699
39.03999328,115.75512695,0.00000000,54.72068786,52.25999832,9.75054359,0.00000000
39.13600158,115.00958251,0.00000000,52.24216079,52.28400039,9.75089645,21.73597526
39.23199462,115.32440948,0.00000000,52.24478530,52.30799865,9.75071620,21.74428367
39.32800292,115.44010925,0.00000000,52.32482147,52.33200073,9.75051403,21.72768783
39.42399597,114.97303009,0.00000000,52.33071136,52.35599899,9.75092220,21.73387908
39.52000427,115.24296569,0.00000000,52.33109283,52.38000106,9.75088214,21.74243354
39.61599731,115.39661407,0.00000000,52.38101577,52.40399932,9.75067615,21.73534393
39.71200561,114.92966461,0.00000000,52.40774154,52.42800140,9.75094509,21.73513603
39.80799865,115.25642395,0.00000000,52.46248245,52.45199966,9.75091171,0.00000000
39.90400695,115.38390350,0.00000000,52.47912597,52.47600173,9.75052547,0.00000000
40.00000000,114.96648406,0.00000000,52.46920776,52.50000000,9.75081634,21.73880958
40.09599304,115.28857421,0.00000000,52.47674179,52.52399826,9.75095272,21.74516868
40.19200134,115.43731689,0.00000000,52.50289535,52.54800033,9.75056648,21.74587440
40.28799438,114.99273681,0.00000000,52.52995681,52.57199859,9.75083065,21.74621963
40.38400268,115.19072723,0.00000000,52.55117416,52.59600067,9.75094509,21.74839973
40.47999572,115.30072784,0.00000000,52.60796737,52.61999893,9.75052833,21.73892021
40.57600402,114.98783111,0.00000000,52.56829452,52.64400100,9.75089454,21.76029586
40.67199707,115.57869720,0.00000000,55.13360595,52.66799926,9.75103378,0.00000000
40.76800537,115.29995727,0.00000000,52.67572402,52.69200134,9.75053119,21.66898727
40.86399841,114.93645477,0.00000000,52.66442489,52.71599960,9.75083827,21.68112373
40.96000671,115.21737670,0.00000000,52.71134567,52.74000167,9.75096893,21.67510795
41.05599975,115.30438232,0.00000000,52.73316192,52.76399993,9.75048828,21.67668724
41.15199279,114.89597320,0.00000000,52.73878860,52.78799819,9.75090026,21.68367576
41.24800109,115.17327880,0.00000000,52.77219009,52.81200027,9.75069141,21.68205070
41.34399414,114.97605133,0.00000000,52.81486511,52.83599853,9.75085830,21.67708206
41.44000244,115.00768280,0.00000000,52.84211730,52.86000061,9.75090312,21.67664337
41.53599548,115.24638366,0.00000000,52.91419219,52.88399887,9.75057220,0.00000000
41.63200378,114.90041351,0.00000000,52.87904739,52.90800094,9.75071334,21.67992782
41.72799682,115.31689453,0.00000000,52.93920135,52.93199920,9.75057601,0.00000000
41.82400512,114.97456359,0.00000000,52.94127655,52.95600128,9.75082397,21.67588424
41.91999816,115.23146057,0.00000000,52.97045898,52.97999954,9.75049972,21.67461585
42.01600646,114.84822845,0.00000000,52.99303817,53.00400161,9.75099563,21.67537117
42.11199951,115.20031738,0.00000000,53.04024505,53.02799987,9.75053119,0.00000000
42.20799255,114.89589691,0.00000000,53.07543563,53.05199813,9.75098800,0.00000000
42.30400085,115.11659240,0.00000000,53.04784774,53.07600021,9.75041389,21.68030357
42.39999389,114.78162384,0.00000000,52.99592208,53.09999847,9.75043487,21.70620346
42.49600219,115.07765197,0.00000000,53.07397842,53.12400054,9.75057601,21.69148826
42.59199523,114.77420043,0.00000000,53.06039047,53.14799880,9.75075912,21.70539474
42.68800354,115.05533599,0.00000000,53.12741088,53.17200088,9.75064086,21.69382476
42.78399658,114.74068450,0.00000000,53.17635726,53.19599914,9.75065231,21.68692970
42.88000488,115.06055450,0.00000000,53.13253402,53.22000122,9.75049495,21.70990180
42.97599792,114.80869293,0.00000000,53.16975402,53.24399948,9.75078678,21.70816230
43.07200622,115.03414916,0.00000000,53.23038101,53.26800155,9.75037097,21.69830131
43.16799926,114.75740051,0.00000000,53.24890899,53.29199981,9.75076103,21.70123863
43.26400756,115.10933685,0.00000000,53.33075714,53.31600189,9.75047492,0.00000000
43.36000061,114.78880310,0.00000000,53.32339096,53.34000015,9.75070953,21.69334793
43.45599365,115.06681060,0.00000000,53.34300994,53.36399841,9.75047111,21.69529151
43.55200195,114.71415710,0.00000000,53.34882736,53.38800048,9.75088977,21.70192146
43.64799499,115.05715179,0.00000000,53.37991714,53.41199874,9.75052833,21.70075607
43.74400329,114.76271057,0.00000000,53.44152450,53.43600082,9.75078296,0.00000000
43.83999633,115.08647155,0.00000000,53.41787338,53.45999908,9.75041198,21.70486831
43.93600463,114.99842834,0.00000000,55.90348434,53.48400115,9.75094699,0.00000000
44.03199768,115.04418182,0.00000000,53.43594741,53.50799942,9.75058746,21.64342308
44.12800598,114.74287414,0.00000000,53.50587463,53.53200149,9.75074195,21.63042640
44.22399902,115.13370513,0.00000000,53.53453445,53.55599975,9.75043678,21.62967300
44.32000732,114.80381774,0.00000000,53.54166030,53.58000183,9.75088500,21.63588714
44.41600036,115.11108398,0.00000000,53.56349945,53.60400009,9.75047683,21.63775062
44.51199340,114.69161224,0.00000000,53.58905792,53.62799835,9.75090789,21.63844871
44.60800170,115.02569580,0.00000000,53.62691879,53.65200042,9.75047779,21.63504409
44.70399475,114.67897796,0.00000000,53.64778137,53.67599868,9.75096797,21.63683128
44.80000305,114.95899200,0.00000000,53.70095062,53.70000076,9.75075912,0.00000000
44.89599609,114.75122070,0.00000000,53.68902969,53.72399902,9.75065994,21.63987731
44.99200439,114.93595123,0.00000000,53.70063781,53.74800109,9.75089454,21.64501762
45.08799743,115.03278350,0.00000000,53.73394775,53.77199935,9.75042438,21.64336585
45.18400573,114.68101501,0.00000000,53.76980590,53.79600143,9.75085258,21.64059448
45.27999877,114.99937438,0.00000000,53.79984664,53.81999969,9.75045680,21.63938903
45.37600708,114.74876403,0.00000000,53.86879730,53.84400177,9.75085163,0.00000000
45.47200012,115.00875854,0.00000000,53.87807083,53.86800003,9.75088310,0.00000000
45.56799316,115.00053405,0.00000000,53.87947845,53.89199829,9.75074386,21.63642692
45.66400146,115.08039093,0.00000000,53.87802124,53.91600036,9.75042533,21.64520454
45.75999450,115.25039672,0.00000000,53.91321182,53.93999862,9.75050926,21.64264869
45.85600280,114.74196624,0.00000000,53.91702651,53.96400070,9.75089073,21.65011405
45.95199584,115.07967376,0.00000000,53.93576812,53.98799896,9.75045585,21.65325927
46.04800415,114.78276824,0.00000000,53.94973754,54.01200103,9.75077915,21.65813636
46.14399719,115.11672210,0.00000000,53.96712112,54.03599929,9.75062084,21.66218757
46.24000549,115.26856994,0.00000000,54.02388763,54.06000137,9.75047111,21.65344047
46.33599853,114.93321228,0.00000000,54.06034088,54.08399963,9.75089836,21.65041542
46.43200683,115.09931945,0.00000000,54.08458709,54.10800170,9.75046443,21.65104484
46.52799987,114.84719848,0.00000000,54.09116744,54.13199996,9.75082874,21.65749549
46.62399291,115.15204620,0.00000000,54.15678024,54.15599822,9.75077629,0.00000000
46.72000122,115.17629241,0.00000000,54.17657089,54.18000030,9.75053787,21.64635276
46.81599426,114.80981445,0.00000000,54.18658447,54.20399856,9.75096225,21.65107154
46.91200256,115.11787414,0.00000000,54.23541259,54.22800064,9.75088214,0.00000000
47.00799560,115.19290161,0.00000000,54.19821929,54.25199890,9.75041198,21.66337203
47.10400390,114.81597137,0.00000000,54.19778823,54.27600097,9.75088119,21.67304801
47.19999694,115.33689880,0.00000000,56.71534729,54.29999923,9.75088214,0.00000000
47.29600524,115.20098114,0.00000000,54.29024887,54.32400131,9.75036907,21.58826255
47.39199829,114.79424285,0.00000000,54.27468109,54.34799957,9.75080013,21.60233116
47.48800659,115.02786254,0.00000000,54.32167053,54.37200164,9.75067806,21.59694290
47.58399963,115.14058685,0.00000000,54.31783294,54.39599990,9.75042533,21.60764312
47.67999267,114.74562072,0.00000000,54.37569808,54.41999816,9.75073623,21.59881019
47.77600097,115.05609893,0.00000000,54.39970779,54.44400024,9.75077915,21.60013580
47.87199401,115.17282867,0.00000000,54.42908096,54.46799850,9.75040626,21.59968948
47.96800231,114.67678833,0.00000000,54.41827774,54.49200057,9.75080680,21.61234474
48.06399536,115.06477355,0.00000000,54.44717407,54.51599884,9.75060462,21.61293983
48.16000366,114.73025512,0.00000000,54.49512100,54.54000091,9.75085258,21.60710144
48.25599670,114.99247741,0.00000000,54.54526138,54.56399917,9.75089263,21.59981918
48.35200500,115.10633087,0.00000000,54.54766845,54.58800125,9.75047874,21.60750961
48.44799804,114.63307189,0.00000000,54.55589294,54.61199951,9.75078105,21.61392402
48.54400634,115.00497436,0.00000000,54.59709167,54.63600158,9.75078296,21.60993194
48.63999938,114.75892639,0.00000000,54.69665527,54.65999984,9.75072574,0.00000000
48.73599243,114.61544036,0.00000000,54.68843078,54.68399810,9.75091743,0.00000000
48.83200073,114.92649078,0.00000000,54.68299484,54.70800018,9.75055217,21.60527992
48.92799377,115.04802703,0.00000000,54.71210479,54.73199844,9.74999237,21.60434150
49.02400207,114.64828491,0.00000000,54.70347595,54.75600051,9.75076580,21.61570549
49.11999511,114.83084106,0.00000000,54.80298995,54.77999877,9.75073051,0.00000000
49.21600341,114.92205810,0.00000000,54.77097320,54.80400085,9.75048446,21.61015701
49.31199645,114.59607696,0.00000000,54.79378890,54.82799911,9.75085544,21.61153793
49.40800476,114.89124298,0.00000000,54.79235839,54.85200119,9.75070571,21.62095642
49.50399780,114.93383026,0.00000000,54.83744430,54.87599945,9.75042152,21.61578750
49.60000610,114.53086090,0.00000000,54.86464691,54.90000152,9.75075054,21.61588668
49.69599914,114.83010101,0.00000000,54.88986968,54.92399978,9.75096988,21.61654281
49.79200744,114.93827819,0.00000000,54.93042755,54.94800186,9.75045490,21.61210250
49.88800048,114.49400329,0.00000000,54.88991928,54.97200012,9.75086307,21.63391876
49.98399353,114.84616851,0.00000000,54.94568634,54.99599838,9.75041007,21.62589645
50.08000183,114.56157684,0.00000000,54.98714447,55.02000045,9.75071811,21.62164688
50.17599487,114.81952667,0.00000000,55.00612258,55.04399871,9.75086879,21.62428665
50.27200317,114.91582489,0.00000000,55.09257507,55.06800079,9.75036907,0.00000000
50.36799621,114.52120208,0.00000000,55.07409667,55.09199905,9.75073432,21.61809539
50.46400451,115.13524627,0.00000000,57.53577041,55.11600112,9.75053405,0.00000000
50.55999755,114.53134155,0.00000000,55.10492324,55.13999938,9.75084781,21.55170631
50.65600585,114.79779815,0.00000000,55.13014984,55.16400146,9.75085258,21.55235481
50.75199890,114.61228179,0.00000000,55.14564514,55.18799972,9.75066280,21.55617523
50.84800720,114.85868835,0.00000000,55.17554473,55.21200180,9.75074195,21.55550003
50.94400024,114.99085235,0.00000000,55.19900512,55.23600006,9.75045680,21.55677223
51.03999328,114.51632690,0.00000000,55.24759292,55.25999832,9.75075817,21.54976654
51.13600158,114.83760070,0.00000000,55.22182083,55.28400039,9.75057601,21.56656265
51.23199462,114.52079010,0.00000000,55.24108505,55.30799865,9.75078678,21.56999206
51.32800292,114.88221740,0.00000000,55.29504013,55.33200073,9.75061893,21.56211280
51.42399597,114.59726715,0.00000000,55.35235595,55.35599899,9.75086975,21.55222702
51.52000427,114.76043701,0.00000000,55.34648895,55.38000106,9.75083351,21.56219482
51.61599731,114.52373504,0.00000000,55.36227416,55.40399932,9.75061225,21.56591033
51.71200561,114.81921386,0.00000000,55.36017608,55.42800140,9.75076961,21.57577514
51.80799865,114.55178070,0.00000000,55.43437194,55.45199966,9.75063705,21.56124496
51.90400695,114.76895141,0.00000000,55.47497558,55.47600173,9.75072097,21.55629539
52.00000000,114.86235809,0.00000000,55.48093414,55.50000000,9.75041007,21.56228065
52.09599304,114.93348693,0.00000000,57.95297622,55.52399826,9.75079917,0.00000000
52.19200134,114.92607116,0.00000000,55.57763671,55.54800033,9.75051403,0.00000000
52.28799438,114.42808532,0.00000000,55.58898544,55.57199859,9.75080490,0.00000000
52.38400268,114.80300903,0.00000000,55.60755920,55.59600067,9.75033664,0.00000000
52.47999572,114.52218627,0.00000000,55.60553359,55.61999893,9.75084018,21.48671913
52.57600402,114.85221862,0.00000000,55.59463500,55.64400100,9.75044631,21.49867248
52.67199707,114.53783416,0.00000000,55.60753631,55.66799926,9.75081157,21.50381469
52.76800537,114.74501800,0.00000000,55.62658309,55.69200134,9.75056457,21.50726318
52.86399841,114.50560760,0.00000000,55.65781784,55.71599960,9.75061511,21.50683784
52.96000671,114.89724731,0.00000000,55.66823577,55.74000167,9.75061702,21.51306724
53.05599975,114.65259552,0.00000000,55.68814468,55.76399993,9.75055885,21.51656913
53.15199279,114.81740570,0.00000000,55.73699569,55.78799819,9.75071334,21.51064491
53.24800109,115.02789306,0.00000000,55.76610565,55.81200027,9.75052547,21.51049041
53.34399414,114.98619079,0.00000000,55.77514266,55.83599853,9.75086307,21.51680374
53.44000244,115.01899719,0.00000000,55.80373001,55.86000061,9.75040817,21.51711654
53.53599548,114.87117767,0.00000000,55.85966110,55.88399887,9.75071144,21.50826454
53.63200378,114.95047760,0.00000000,55.85313034,55.90800094,9.75026798,21.51906967
53.72799682,115.12744140,0.00000000,58.33549499,55.93199920,9.75092220,0.00000000
53.82400512,114.92053985,0.00000000,55.94153594,55.95600128,9.75048923,21.43527793
53.91999816,114.36006164,0.00000000,55.92737197,55.97999954,9.75082302,21.44830894
54.01600646,114.80270385,0.00000000,55.98363876,56.00400161,9.75049495,21.43923950
54.11199951,114.50868988,0.00000000,55.95257568,56.02799987,9.75078868,21.45801925
54.20799255,114.83181762,0.00000000,56.04782104,56.05199813,9.75059413,21.43676948
54.30400085,114.53257751,0.00000000,56.04996871,56.07600021,9.75094890,21.44410705
54.39999389,114.51084899,0.00000000,56.09247970,56.09999847,9.75077247,21.43877983
54.49600219,114.86913299,0.00000000,56.07919692,56.12400054,9.75046157,21.45130920
54.59199523,114.50805664,0.00000000,56.10575866,56.14799880,9.75084972,21.45180702
54.68800354,114.70128631,0.00000000,56.15460968,56.17200088,9.75070953,21.44487380
54.78399658,114.78636169,0.00000000,56.21359634,56.19599914,9.75039863,0.00000000
54.88000488,114.42082977,0.00000000,56.20970916,56.22000122,9.75078296,21.44252586
54.97599792,114.70349121,0.00000000,56.19442749,56.24399948,9.75039005,21.45579719
55.07200622,114.70065307,0.00000000,56.24663925,56.26800155,9.75031089,21.44797515
55.16799926,114.31692504,0.00000000,56.28566741,56.29199981,9.75082778,21.44365692
55.26400756,114.66123962,0.00000000,56.31110763,56.31600189,9.75071334,21.44337272
55.36000061,115.06198120,0.00000000,58.75883102,56.34000015,9.75052738,0.00000000
55.45599365,114.28801727,0.00000000,56.33454513,56.36399841,9.75092220,21.37905883
55.55200195,114.52599334,0.00000000,56.35261535,56.38800048,9.75081157,21.38190078
55.64799499,114.49798583,0.00000000,56.36489486,56.41199874,9.75069427,21.38682937
55.74400329,114.59854125,0.00000000,56.39429092,56.43600082,9.75075054,21.38646125
55.83999633,114.64659881,0.00000000,56.43317794,56.45999908,9.75046062,21.38280296
55.93600463,114.19612884,0.00000000,56.46279144,56.48400115,9.75090217,21.38175582
56.03199768,114.56935882,0.00000000,56.46512603,56.50799942,9.75046920,21.38953971
56.12800598,114.27939605,0.00000000,56.50065231,56.53200149,9.75085067,21.38702392
56.22399902,114.59304809,0.00000000,56.51044845,56.55599975,9.75036144,21.39265251
56.32000732,114.17504119,0.00000000,56.52988052,56.58000183,9.75073051,21.39552497
56.41600036,114.54887390,0.00000000,56.59938049,56.60400009,9.75051593,21.38201522
56.51199340,114.24297332,0.00000000,56.61368560,56.62799835,9.75084781,21.38535308
56.60800170,114.67028045,0.00000000,56.63264083,56.65200042,9.75044918,21.38744735
56.70399475,114.37359619,0.00000000,56.67676925,56.67599868,9.75080013,0.00000000
56.80000305,114.59170532,0.00000000,56.69713211,56.70000076,9.75062274,21.38256454
56.89599609,114.60478973,0.00000000,56.69846725,56.72399902,9.75087547,21.39013099
56.99200439,114.88389587,0.00000000,59.16152191,56.74800109,9.75064849,0.00000000
57.08799743,114.48347473,0.00000000,56.70764541,56.77199935,9.75083827,21.33130264
57.18400573,114.37722778,0.00000000,56.77862167,56.79600143,9.75078678,21.31773376
57.27999877,114.57480621,0.00000000,56.77197265,56.81999969,9.75096797,21.32836723
57.37600708,114.49563598,0.00000000,56.77094650,56.84400177,9.75093650,21.33806991
57.47200012,114.46711730,0.00000000,56.85701370,56.86800003,9.75079822,21.31977653
57.56799316,114.21006774,0.00000000,56.83798980,56.89199829,9.75072002,21.33430480
57.66400146,114.49549865,0.00000000,56.88259887,56.91600036,9.75083637,21.32912445
57.75999450,114.23820495,0.00000000,56.92599105,56.93999862,9.75086402,21.32372474
57.85600280,114.43223571,0.00000000,57.00082778,56.96400070,9.75097370,0.00000000
57.95199584,114.18567657,0.00000000,56.97088241,56.98799896,9.75091934,21.32406425
58.04800415,114.56761169,0.00000000,56.98752593,57.01200103,9.75056266,21.32700920
58.14399719,114.26860046,0.00000000,56.99720382,57.03599929,9.75085926,21.33246803
58.24000549,114.50391387,0.00000000,57.01458740,57.06000137,9.75070762,21.33581542
58.33599853,114.22823333,0.00000000,57.03308868,57.08399963,9.75089454,21.33899497
58.43200683,114.61523437,0.00000000,57.12378311,57.10800170,9.75065803,0.00000000
58.52799987,114.36769104,0.00000000,57.12327957,57.13199996,9.75088882,21.32612419
58.62399291,114.88005065,0.00000000,59.55371856,57.15599822,9.75098705,0.00000000
58.72000122,114.27764129,0.00000000,57.10706710,57.18000030,9.75089836,21.27564430
58.81599426,114.56720733,0.00000000,57.11171722,57.20399856,9.75090026,21.28421783
58.91200256,114.77668762,0.00000000,57.15811538,57.22800064,9.75080776,21.27959632
59.00799560,114.60205841,0.00000000,57.18305206,57.25199890,9.75092983,21.28138160
59.10400390,114.61443328,0.00000000,57.21998214,57.27600097,9.75057792,21.27918243
59.19999694,114.28265380,0.00000000,57.21745681,57.29999923,9.75096225,21.28961563
59.29600524,114.62774658,0.00000000,57.25000000,57.32400131,9.75078296,21.28927230
59.39199829,114.75372314,0.00000000,57.28609848,57.34799957,9.75068664,21.28750038
59.48800659,114.22132110,0.00000000,57.29868698,57.37200164,9.75088691,21.29312324
59.58399963,114.53300476,0.00000000,57.35848236,57.39599990,9.75097560,21.28351020
59.67999267,114.68801879,0.00000000,57.32898712,57.41999816,9.75059413,21.30228805
59.77600097,114.32126617,0.00000000,57.37485885,57.44400024,9.75089263,21.29780197
59.87199401,114.60565948,0.00000000,57.42869567,57.46799850,9.75093460,21.29003143
59.96800231,114.73630523,0.00000000,57.40964508,57.49200057,9.75053119,21.30541610
60.06399536,114.55805969,0.00000000,57.49604797,57.51599884,9.75084781,21.28729248
60.16000366,114.39608001,0.00000000,57.47673797,57.54000091,9.75072860,21.30218315
60.25599670,114.83139038,0.00000000,59.95476531,57.56399917,9.75088691,0.00000000
60.35200500,114.69814300,0.00000000,57.53855895,57.58800125,9.75049591,21.22779846
60.44799804,114.35744476,0.00000000,57.59465789,57.61199951,9.75063705,21.21868896
60.54400634,114.36010742,0.00000000,57.58407211,57.63600158,9.75081539,21.23062324
60.63999938,114.63455200,0.00000000,57.61819076,57.65999984,9.75082874,21.22884178
60.73599243,114.67092132,0.00000000,57.62448501,57.68399810,9.75051784,21.23593711
60.83200073,114.26113891,0.00000000,57.66692352,57.70800018,9.75082111,21.23163986
60.92799377,114.28147125,0.00000000,57.68065643,57.73199844,9.75066757,21.23625755
61.02400207,114.61005401,0.00000000,57.72032928,57.75600051,9.75047492,21.23262786
61.11999511,114.68794250,0.00000000,57.71341323,57.77999877,9.75039863,21.24389839
61.21600341,114.43732452,0.00000000,57.73291778,57.80400085,9.75081348,21.24737930
61.31199645,114.87299346,0.00000000,57.78102874,57.82799911,9.75048542,21.24155426
61.40800476,114.89804077,0.00000000,57.80458450,57.85200119,9.75086402,21.24311065
61.50399780,114.98101043,0.00000000,57.83410263,57.87599945,9.75080013,21.24271392
61.60000610,115.04109954,0.00000000,57.81541061,57.90000152,9.75064659,21.25805664
61.69599914,114.63038635,0.00000000,57.88972473,57.92399978,9.75091266,21.24398994
61.79200744,114.96992492,0.00000000,57.92236328,57.94800186,9.75057792,21.24217033
61.88800048,114.68131256,0.00000000,60.38489532,57.97200012,9.75085258,0.00000000
61.98399353,114.81044006,0.00000000,57.93118667,57.99599838,9.75042247,21.18347549
62.08000183,114.45362854,0.00000000,57.96637725,58.02000045,9.75080490,21.18172836
62.17599487,114.83052062,0.00000000,57.99567794,58.04399871,9.75026512,21.18158721
62.27200317,114.62861633,0.00000000,58.05168151,58.06800079,9.75084781,21.17247962
62.36799621,114.36843109,0.00000000,58.09087753,58.09199905,9.75056838,21.16795158
62.46400451,114.48015594,0.00000000,58.06598663,58.11600112,9.75094985,21.18412399
62.55999755,114.21572113,0.00000000,58.16004562,58.13999938,9.75088214,0.00000000
62.65600585,114.60037231,0.00000000,58.08539581,58.16400146,9.75056838,21.19445800
62.75199890,114.29644012,0.00000000,58.12833404,58.18799972,9.75099563,21.19056510
62.84800720,114.78352355,0.00000000,58.16144943,58.21200180,9.75055408,21.18934631
62.94400024,114.55428314,0.00000000,58.19592666,58.23600006,9.75080966,21.18740463
63.03999328,114.30281829,0.00000000,58.23872375,58.25999832,9.75088119,21.18240165
63.13600158,114.58373260,0.00000000,58.26649856,58.28400039,9.75052928,21.18179512
63.23199462,114.35153961,0.00000000,58.28132629,58.30799865,9.75071716,21.18534660
63.32800292,114.80152130,0.00000000,58.35118484,58.33200073,9.75040817,0.00000000
63.42399597,114.65836334,0.00000000,58.33580780,58.35599899,9.75078868,21.18343353
63.52000427,115.24409484,0.00000000,60.76350402,58.38000106,9.75075912,0.00000000
63.61599731,114.84870147,0.00000000,58.34450912,58.40399932,9.75056743,21.12550354
63.71200561,114.60292816,0.00000000,58.39381408,58.42800140,9.75085163,21.11893653
63.80799865,114.97734832,0.00000000,58.39877319,58.45199966,9.75060176,21.12624549
63.90400695,114.73283386,0.00000000,58.41567611,58.47600173,9.75093936,21.13018417
64.00000000,114.46994018,0.00000000,58.43610763,58.50000000,9.75096416,21.13317108
64.09599304,114.81836700,0.00000000,58.45256042,58.52399826,9.75050544,21.13757705
64.19200134,114.63835906,0.00000000,58.48241043,58.54800033,9.75088214,21.13779067
64.28799438,114.29123687,0.00000000,58.54120254,58.57199859,9.75074577,21.12827682
64.38400268,114.65813446,0.00000000,58.58888626,58.59600067,9.75055980,21.12138366
64.47999572,114.44349670,0.00000000,58.57257843,58.61999893,9.75067806,21.13490104
64.57600402,114.98527526,0.00000000,58.57686996,58.64400100,9.75049686,21.14282798
64.67199707,114.95871734,0.00000000,58.60696029,58.66799926,9.75086784,21.14283180
64.76800537,114.88371276,0.00000000,58.61508941,58.69200134,9.75074005,21.14989852
64.86399841,115.27262115,0.00000000,58.64455795,58.71599960,9.75051975,21.15040206
64.96000671,114.85648345,0.00000000,58.71686935,58.74000167,9.75100421,21.13660240
65.05599975,115.14754486,0.00000000,58.68210983,58.76399993,9.75053977,21.15668487
65.15199279,115.22728729,0.00000000,61.13207626,58.78799819,9.75115013,0.00000000
65.24800109,114.89962005,0.00000000,58.75210952,58.81200027,9.75069236,21.08156013
65.34399414,115.04381561,0.00000000,58.76326751,58.83599853,9.75089263,21.08759689
65.44000244,114.87976837,0.00000000,58.81547927,58.86000061,9.75073909,21.08046913
65.53599548,114.86877441,0.00000000,58.82558822,58.88399887,9.75088119,21.08638763
65.63200378,114.66954040,0.00000000,58.83431625,58.90800094,9.75056171,21.09317970
65.72799682,114.90770721,0.00000000,58.88929367,58.93199920,9.75091266,21.08516693
65.82400512,114.73771667,0.00000000,58.89205932,58.95600128,9.75042438,21.09345626
65.91999816,114.73603057,0.00000000,58.89632797,58.97999954,9.75083160,21.10188484
66.01600646,114.93368530,0.00000000,58.94472885,59.00400161,9.75041389,21.09634399
66.11199951,114.69906616,0.00000000,58.97782135,59.02799987,9.75088500,21.09512138
66.20799255,115.14100646,0.00000000,59.01842117,59.05199813,9.75060653,21.09114837
66.30400085,114.74697113,0.00000000,59.02810287,59.07600021,9.75082969,21.09688377
66.39999389,115.03208160,0.00000000,59.05451965,59.09999847,9.75059509,21.09752273
66.49600219,114.68426513,0.00000000,59.07228088,59.12400054,9.75083827,21.10094833
66.59199523,114.97253417,0.00000000,59.14318847,59.14799880,9.75081539,21.08701896
66.68800354,114.82441711,0.00000000,59.12857055,59.17200088,9.75075721,21.09990882
66.78399658,115.40133666,0.00000000,61.56647491,59.19599914,9.75092220,0.00000000
66.88000488,115.24938964,0.00000000,59.14712142,59.22000122,9.75054073,21.03981781
66.97599792,114.80243682,0.00000000,59.19668960,59.24399948,9.75089263,21.03356552
67.07200622,115.04989624,0.00000000,59.25941467,59.26800155,9.75054550,21.02220726
67.16799926,114.62648010,0.00000000,59.25283432,59.29199981,9.75108623,21.03255462
67.26400756,114.83705139,0.00000000,59.24253463,59.31600189,9.75057983,21.04504966
67.36000061,114.51646423,0.00000000,59.28974151,59.34000015,9.75075149,21.03959655
67.45599365,114.75841522,0.00000000,59.32462310,59.36399841,9.75097942,21.03751182
67.55200195,114.89519500,0.00000000,59.33227539,59.38800048,9.75061225,21.04409027
67.64799499,114.43149566,0.00000000,59.37171173,59.41199874,9.75080680,21.04066848
67.74400329,114.79064178,0.00000000,59.36429595,59.43600082,9.75057983,21.05224227
67.83999633,114.30146026,0.00000000,59.38637542,59.45999908,9.75080108,21.05502891
67.93600463,114.47572326,0.00000000,59.44416809,59.48400115,9.75058364,21.04608535
68.03199768,114.29357910,0.00000000,59.43920898,59.50799942,9.75107288,21.05683517
68.12800598,114.45023345,0.00000000,59.50722885,59.53200149,9.75091648,21.04437065
68.22399902,114.22912597,0.00000000,59.55350494,59.55599975,9.75088405,21.03776359
68.32000732,114.48332977,0.00000000,59.54549407,59.58000183,9.75092220,21.04840469
68.41600036,114.83943176,0.00000000,61.93387603,59.60400009,9.75056457,0.00000000
68.51199340,114.41189575,0.00000000,59.61919021,59.62799835,9.75079536,20.97105979
68.60800170,114.41073608,0.00000000,59.59496688,59.65200042,9.75072002,20.98723983
68.70399475,114.04110717,0.00000000,59.63101577,59.67599868,9.75085830,20.98497390
68.80000305,114.47101593,0.00000000,59.63945388,59.70000076,9.75046443,20.99145889
68.89599609,114.13528442,0.00000000,59.67591094,59.72399902,9.75087738,20.98916625
68.99200439,114.38078308,0.00000000,59.70964431,59.74800109,9.75063705,20.98739433
69.08799743,114.10884857,0.00000000,59.70871734,59.77199935,9.75079917,20.99677085
69.18400573,114.43969726,0.00000000,59.72638320,59.79600143,9.75089263,21.00076103
69.27999877,114.34602355,0.00000000,59.76872634,59.81999969,9.75062084,20.99679565
69.37600708,114.63079071,0.00000000,59.78381729,59.84400177,9.75111484,21.00127410
69.47200012,114.69230651,0.00000000,59.77397155,59.86800003,9.75064277,21.01424789
69.56799316,114.31095123,0.00000000,59.88442993,59.89199829,9.75098419,20.98853683
69.66400146,114.72196960,0.00000000,59.86676406,59.91600036,9.75050926,21.00251388
69.75999450,114.33664703,0.00000000,59.90674591,59.93999862,9.75077629,20.99871826
69.85600280,114.66175079,0.00000000,59.96375274,59.96400070,9.75090980,20.98882484
69.95199584,114.51826477,0.00000000,59.94834899,59.98799896,9.75069808,21.00183296
70.04800415,114.88670349,0.00000000,62.34991836,60.01200103,9.75110530,0.00000000
70.14399719,114.74136352,0.00000000,59.95931625,60.03599929,9.75053119,20.94510650
70.24000549,114.25941467,0.00000000,60.01176834,60.06000137,9.75079250,20.93801879
70.33599853,114.52313232,0.00000000,60.01443862,60.08399963,9.75091934,20.94650459
70.43200683,114.51821899,0.00000000,60.03665924,60.10800170,9.75047874,20.94918060
70.52799987,114.44479370,0.00000000,60.03808975,60.13199996,9.75088119,20.95876884
70.62399291,114.56302642,0.00000000,60.10046005,60.15599822,9.75054073,20.94892120
70.72000122,114.14279174,0.00000000,60.12921524,60.18000030,9.75104331,20.94902038
70.81599426,114.50369262,0.00000000,60.10773468,60.20399856,9.75069236,20.96555137
70.91200256,114.15656280,0.00000000,60.15615463,60.22800064,9.75092697,20.96038055
71.00799560,114.39508056,0.00000000,60.16290283,60.25199890,9.75077152,20.96823120
71.10400390,114.10821533,0.00000000,60.20512771,60.27600097,9.75085830,20.96488952
71.19999694,114.32153320,0.00000000,60.24899673,60.29999923,9.75076389,20.96045875
71.29600524,114.09152984,0.00000000,60.23261642,60.32400131,9.75075912,20.97531700
71.39199829,114.37916564,0.00000000,60.26089477,60.34799957,9.75094223,20.97664260
71.48800659,114.10388183,0.00000000,60.28792953,60.37200164,9.75078296,20.97825431
71.58399963,114.36221313,0.00000000,60.27615356,60.39599990,9.75080299,20.99258422
71.67999267,114.75762939,0.00000000,62.72845458,60.41999816,9.75075531,0.00000000
71.77600097,114.41983032,0.00000000,60.31861495,60.44400024,9.75091934,20.92875480
71.87199401,114.49578857,0.00000000,60.37929153,60.46799850,9.75047302,20.92041206
71.96800231,114.25548553,0.00000000,60.39974975,60.49200057,9.75095844,20.92424583
72.06399536,114.50089263,0.00000000,60.42192077,60.51599884,9.75062084,20.92761421
72.16000366,114.11907958,0.00000000,60.45627593,60.54000091,9.75086879,20.92702102
72.25599670,114.57622528,0.00000000,60.45315551,60.56399917,9.75057792,20.93848228
72.35200500,114.10056304,0.00000000,60.48951339,60.58800125,9.75105476,20.93773078
72.44799804,114.49742889,0.00000000,60.49883651,60.61199951,9.75060272,20.94552803
72.54400634,114.15401458,0.00000000,60.52527618,60.63600158,9.75096225,20.94812011
72.63999938,114.43563079,0.00000000,60.51287841,60.65999984,9.75062847,20.96345138
72.73599243,114.08839416,0.00000000,60.56594848,60.68399810,9.75104522,20.95827484
72.83200073,114.44274139,0.00000000,60.58047103,60.70800018,9.75081348,20.96494293
72.92799377,114.14851379,0.00000000,60.62221527,60.73199844,9.75101661,20.96291160
73.02400207,114.47431182,0.00000000,60.59098434,60.75600051,9.75063133,20.98443412
73.11999511,114.13495635,0.00000000,60.68601608,60.77999877,9.75104141,20.96594238
73.21600341,114.58082580,0.00000000,60.63285064,60.80400085,9.75056171,20.99422836
73.31199645,114.58440399,0.00000000,63.11826705,60.82799911,9.75092411,0.00000000
73.40800476,114.62284851,0.00000000,60.71641540,60.85200119,9.75049495,20.91891860
73.50399780,114.33297729,0.00000000,60.74242782,60.87599945,9.75090312,20.92231941
73.60000610,114.65497589,0.00000000,60.75616073,60.90000152,9.75074005,20.92971611
73.69599914,114.68357849,0.00000000,60.76669692,60.92399978,9.75061893,20.93847465
73.79200744,114.47177886,0.00000000,60.77304077,60.94800186,9.75077533,20.94902038
73.88800048,114.80359649,0.00000000,60.83214569,60.97200012,9.75066566,20.94268608
73.98399353,114.54637908,0.00000000,60.87083816,60.99599838,9.75100803,20.94203186
74.08000183,114.65763854,0.00000000,60.84728240,61.02000045,9.75098228,20.96147918
74.17599487,114.91294097,0.00000000,60.83993911,61.04399871,9.75052356,20.97700309
74.27200317,114.62610626,0.00000000,60.88602828,61.06800079,9.75091838,20.97583770
74.36799621,114.99855804,0.00000000,60.89620590,61.09199905,9.75100994,20.98585700
74.46400451,115.11850738,0.00000000,60.95111465,61.11600112,9.75062274,20.98152923
74.55999755,115.05957031,0.00000000,60.97185897,61.13999938,9.75088119,20.98755073
74.65600585,114.77111053,0.00000000,60.98508834,61.16400146,9.75095558,20.99614906
74.75199890,115.02001953,0.00000000,61.04323959,61.18799972,9.75100612,20.99024772
74.84800720,115.14720153,0.00000000,61.04600524,61.21200180,9.75058364,21.00159835
74.94400024,115.04445648,0.00000000,63.44842910,61.23600006,9.75090885,0.00000000
75.03999328,114.74443817,0.00000000,61.04648208,61.25999832,9.75088691,20.95588684
75.13600158,115.07752227,0.00000000,61.09762191,61.28400039,9.75073051,20.95333862
75.23199462,115.30735015,0.00000000,61.08016967,61.30799865,9.75053977,20.97260856
75.32800292,114.94866180,0.00000000,61.10370254,61.33200073,9.75095272,20.97959709
75.42399597,114.80074310,0.00000000,61.12857055,61.35599899,9.75088119,20.98616027
75.52000427,115.19899749,0.00000000,61.15591812,61.38000106,9.75058174,20.99188041
75.61599731,115.21466064,0.00000000,61.21320724,61.40399932,9.75052547,20.98761558
75.71200561,114.91622161,0.00000000,61.19466018,61.42800140,9.75101184,21.00737953
75.80799865,115.17415618,0.00000000,61.22484207,61.45199966,9.75054645,21.01233863
75.90400695,114.99322509,0.00000000,61.22658538,61.47600173,9.75091171,21.02649879
76.00000000,115.15481567,0.00000000,61.27076339,61.50000000,9.75076389,21.02732276
76.09599304,115.20454406,0.00000000,61.29689407,61.52399826,9.75067806,21.03349685
76.19200134,114.82231140,0.00000000,61.28680801,61.54800033,9.75101852,21.05155944
76.28799438,115.03533935,0.00000000,61.31413269,61.57199859,9.75093746,21.05830001
76.38400268,115.21717834,0.00000000,61.36732101,61.59600067,9.75054740,21.05640411
76.47999572,114.79713439,0.00000000,61.35430526,61.61999893,9.75087356,21.07547950
76.57600402,115.33641052,0.00000000,63.80691528,61.64400100,9.75103950,0.00000000
76.67199707,114.81439971,0.00000000,61.39099884,61.66799926,9.75083160,21.02229309
76.76800537,115.16870117,0.00000000,61.43784713,61.69200134,9.75102424,21.02306556
76.86399841,115.45292663,0.00000000,61.41865539,61.71599960,9.75063323,21.04494285
76.96000671,115.05294036,0.00000000,61.47923660,61.74000167,9.75090789,21.04179191
77.05599975,115.32256317,0.00000000,61.48302841,61.76399993,9.75110912,21.05628395
77.15199279,115.17761993,0.00000000,61.54756546,61.78799819,9.75089645,21.05133438
77.24800109,115.54903411,0.00000000,61.52594375,61.81200027,9.75102806,21.07360267
77.34399414,115.65280151,0.00000000,61.55738830,61.83599853,9.75060462,21.07972908
77.44000244,115.16435241,0.00000000,61.58766937,61.86000061,9.75077533,21.08601379
77.53599548,115.42924499,0.00000000,61.57577133,61.88399887,9.75100612,21.10602760
77.63200378,115.26379394,0.00000000,61.64889526,61.90800094,9.75092411,21.09906387
77.72799682,115.51964569,0.00000000,61.66100692,61.93199920,9.75095272,21.11075973
77.82400512,115.61759185,0.00000000,61.65280532,61.95600128,9.75075149,21.12951850
77.91999816,115.18807220,0.00000000,61.66422653,61.97999954,9.75090885,21.14276313
78.01600646,115.53675842,0.00000000,61.74340438,62.00400161,9.75118160,21.13402748
78.11199951,115.25608825,0.00000000,61.73782348,62.02799987,9.75101184,21.15160942
78.20799255,115.72940826,0.00000000,64.18607330,62.05199813,9.75115299,0.00000000
78.30400085,115.58380126,0.00000000,61.76786422,62.07600021,9.75068187,21.10221672
78.39999389,115.13224029,0.00000000,61.79857254,62.09999847,9.75100612,21.10924530
78.49600219,115.40562438,0.00000000,61.82346343,62.12400054,9.75092220,21.11799430
78.59199523,115.11251068,0.00000000,61.84056091,62.14799880,9.75091934,21.12928962
78.68800354,115.35163879,0.00000000,61.83004379,62.17200088,9.75108718,21.14990234
78.78399658,115.41181182,0.00000000,61.86452102,62.19599914,9.75058364,21.15670394
78.88000488,115.02415466,0.00000000,61.90366744,62.22000122,9.75089836,21.16164970
78.97599792,115.27303314,0.00000000,61.90533828,62.24399948,9.75097942,21.17850685
79.07200622,115.17170715,0.00000000,61.97593307,62.26800155,9.75073623,21.17329025
79.16799926,115.11277770,0.00000000,61.96651458,62.29199981,9.75101375,21.19308090
79.26400756,115.29878997,0.00000000,61.99863052,62.31600189,9.75074672,21.20016860
79.36000061,114.72480010,0.00000000,61.99722290,62.34000015,9.75111484,21.21807479
79.45599365,114.83148956,0.00000000,62.04776763,62.36399841,9.75106334,21.21959877
79.55200195,114.70510864,0.00000000,62.05747222,62.38800048,9.75074005,21.23380470
79.64799499,114.47687530,0.00000000,62.11524200,62.41199874,9.75113201,21.23257637
79.74400329,114.68013763,0.00000000,62.11340713,62.43600082,9.75072097,21.25000572
79.83999633,114.52974700,0.00000000,64.49118041,62.45999908,9.75116443,0.00000000
79.93600463,114.17352294,0.00000000,62.17420196,62.48400115,9.75103569,21.19452667
80.03199768,114.56642913,0.00000000,62.20553207,62.50799942,9.75063991,21.20140075
80.12800598,114.31598663,0.00000000,62.18791198,62.53200149,9.75072479,21.22421073
80.22399902,114.20302581,0.00000000,62.20288467,62.55599975,9.75103950,21.23751068
80.32000732,114.47310638,0.00000000,62.22911071,62.58000183,9.75114154,21.24736976
80.41600036,114.57576751,0.00000000,62.23771667,62.60400009,9.75056838,21.26297760
80.51199340,114.24366760,0.00000000,62.27658081,62.62799835,9.75084495,21.26906013
80.60800170,114.14820098,0.00000000,62.27801132,62.65200042,9.75109481,21.28705215
80.70399475,114.41518402,0.00000000,62.32667160,62.67599868,9.75115585,21.29013442
80.80000305,114.46308898,0.00000000,62.31694412,62.70000076,9.75077724,21.31174659
80.89599609,114.52281188,0.00000000,62.34395599,62.72399902,9.75065708,21.32224273
80.99200439,114.12960052,0.00000000,62.33658981,62.74800109,9.75098037,21.34399414
81.08799743,114.23693847,0.00000000,62.36629486,62.77199935,9.75089454,21.35445213
81.18400573,114.44075775,0.00000000,62.41278839,62.79600143,9.75067043,21.35920143
81.27999877,114.54853057,0.00000000,62.47212982,62.81999969,9.75057411,21.35903549
81.37600708,114.10036468,0.00000000,62.48369216,62.84400177,9.75097370,21.37357711
81.47200012,114.25268554,0.00000000,64.85366821,62.86800003,9.75102043,0.00000000
81.56799316,114.35723114,0.00000000,62.54458618,62.89199829,9.75085639,21.32055854
81.66400146,114.45653533,0.00000000,62.53347396,62.91600036,9.75065422,21.34256744
81.75999450,114.07694244,0.00000000,62.54747009,62.93999862,9.75093364,21.35734176
81.85600280,114.03564453,0.00000000,62.53039932,62.96400070,9.75095844,21.38267326
81.95199584,114.33337402,0.00000000,62.58325576,62.98799896,9.75111103,21.38615798
82.04800415,114.49970245,0.00000000,62.64147949,63.01200103,9.75058078,21.38700485
82.14399719,114.12277984,0.00000000,62.62550354,63.03599929,9.75091934,21.41131210
82.24000549,114.24266052,0.00000000,62.64600753,63.06000137,9.75096225,21.42478179
82.33599853,114.39871978,0.00000000,62.63888168,63.08399963,9.75083827,21.44747352
82.43200683,114.56822204,0.00000000,62.70079803,63.10800170,9.75074386,21.44831657
82.52799987,114.42160797,0.00000000,62.68601608,63.13199996,9.75102138,21.47332763
82.62399291,114.81429290,0.00000000,62.71841812,63.15599822,9.75079059,21.48393440
82.72000122,114.67345428,0.00000000,62.74869537,63.18000030,9.75068187,21.49499130
82.81599426,114.63880920,0.00000000,62.79439926,63.20399856,9.75100803,21.50076675
82.91200256,115.07546997,0.00000000,62.81674194,63.22800064,9.75043678,21.51360321
83.00799560,114.62955474,0.00000000,62.83784103,63.25199890,9.75077247,21.52689743
83.10400390,115.13542175,0.00000000,65.21156311,63.27600097,9.75102424,0.00000000
83.19999694,115.03327941,0.00000000,62.83736419,63.29999923,9.75054168,21.49725341
83.29600524,114.49469757,0.00000000,62.84573364,63.32400131,9.75090980,21.51629257
83.39199829,114.83566284,0.00000000,62.85557937,63.34799957,9.75065994,21.53531074
83.48800659,114.42789459,0.00000000,62.86144256,63.37200164,9.75100421,21.55607032
83.58399963,114.72417449,0.00000000,62.93645095,63.39599990,9.75058364,21.55455398
83.67999267,114.33498382,0.00000000,62.96589660,63.41999816,9.75101184,21.56654167
83.77600097,114.56198120,0.00000000,62.97841262,63.44400024,9.75078105,21.58395576
83.87199401,114.30303955,0.00000000,62.96313095,63.46799850,9.75091171,21.61088562
83.96800231,114.59683227,0.00000000,62.98880767,63.49200057,9.75062847,21.62547874
84.06399536,114.26997375,0.00000000,63.03858947,63.51599884,9.75090312,21.63206481
84.16000366,114.55024719,0.00000000,63.05611419,63.54000091,9.75082492,21.64852523
84.25599670,114.28453826,0.00000000,63.05835342,63.56399917,9.75101089,21.67022132
84.35200500,114.89476776,0.00000000,63.14704513,63.58800125,9.75074386,21.66404151
84.44799804,114.81535339,0.00000000,63.11395263,63.61199951,9.75090408,21.69610977
84.54400634,115.23090362,0.00000000,63.17866134,63.63600158,9.75079250,21.69761848
84.63999938,114.97261810,0.00000000,63.18679046,63.65999984,9.75101566,21.71657562
84.73599243,115.44531250,0.00000000,65.54129028,63.68399810,9.75086975,0.00000000
84.83200073,114.86285400,0.00000000,63.21630477,63.70800018,9.75092983,21.68115615
84.92799377,115.24528503,0.00000000,63.19940185,63.73199844,9.75067806,21.70940399
85.02400207,114.81852722,0.00000000,63.22283935,63.75600051,9.75077724,21.72556877
85.11999511,115.17757415,0.00000000,63.26608657,63.77999877,9.75055313,21.73521041
85.21600341,114.85873413,0.00000000,63.24696731,63.80400085,9.75105094,21.76485824
85.31199645,115.07073211,0.00000000,63.32397460,63.82799911,9.75060081,21.76407432
85.40800476,114.88453674,0.00000000,63.30785751,63.85200119,9.75094127,21.79243469
85.50399780,114.57628631,0.00000000,63.32745742,63.87599945,9.75061416,21.81020927
85.60000610,114.82640838,0.00000000,63.32583618,63.90000152,9.75092315,21.83511924
85.69599914,114.48741912,0.00000000,63.34667205,63.92399978,9.75090980,21.85338783
85.79200744,114.69802856,0.00000000,63.41953277,63.94800186,9.75067234,21.85458564
85.88800048,114.35725402,0.00000000,63.39292526,63.97200012,9.75096893,21.88714027
85.98399353,114.66698455,0.00000000,63.41924667,63.99599838,9.75062847,21.90374565
86.08000183,114.23112487,0.00000000,63.43980026,64.02000427,9.75092220,21.92218780
86.17599487,114.55422973,0.00000000,63.48803329,64.04399871,9.75052547,21.93159675
86.27200317,114.18631744,0.00000000,63.50831985,64.06800079,9.75101375,21.94950103
86.36799621,114.70815277,0.00000000,65.89188385,64.09199523,9.75054645,0.00000000
86.46400451,114.17937469,0.00000000,63.56382369,64.11599731,9.75095462,21.90981674
86.55999755,114.34857177,0.00000000,63.55593490,64.13999938,9.75052547,21.93690490
86.65600585,113.79930877,0.00000000,63.61460876,64.16400146,9.75070762,21.94298553
86.75199890,114.24768066,0.00000000,63.58938217,64.18800354,9.75055408,21.97571372
86.84800720,114.11006927,0.00000000,63.57348251,64.21200561,9.75106048,22.00683975
86.94400024,114.31978607,0.00000000,63.60530853,64.23600006,9.75056266,22.02341079
87.03999328,114.05393981,0.00000000,63.65304183,64.25999450,9.75094699,22.03449630
87.13600158,114.30448913,0.00000000,63.66362762,64.28399658,9.75057983,22.05713462
87.23199462,114.16889953,0.00000000,63.70158386,64.30799865,9.75099182,22.07114028
87.32800292,114.40373229,0.00000000,63.68196105,64.33200073,9.75051212,22.10372924
87.42399597,113.86561584,0.00000000,63.73715591,64.35600280,9.75099849,22.11293601
87.52000427,114.29213714,0.00000000,63.76519393,64.38000488,9.75053119,22.13016891
87.61599731,114.29478454,0.00000000,63.75272369,64.40399932,9.75091266,22.16064834
87.71200561,114.42012023,0.00000000,63.75537109,64.42800140,9.75045585,22.18723297
87.80799865,114.06558990,0.00000000,63.87160110,64.45199584,9.75104522,22.17697334
87.90400695,114.37283325,0.00000000,63.84258270,64.47599792,9.75058746,22.21188354
88.00000000,114.21612548,0.00000000,66.20593261,64.50000000,9.75107002,0.00000000
88.09599304,114.35088348,0.00000000,63.91904449,64.52400207,9.75052356,22.17031478
88.19200134,113.87098693,0.00000000,63.89834976,64.54800415,9.75086021,22.20321464
88.28799438,114.26373291,0.00000000,63.90559768,64.57199859,9.75057411,22.22823143
88.38400268,114.06520080,0.00000000,63.95745468,64.59600067,9.75082302,22.23903083
88.47999572,114.53421783,0.00000000,63.94677352,64.61999511,9.75052547,22.26963043
88.57600402,114.39488983,0.00000000,64.00430297,64.64399719,9.75097942,22.27876281
88.67199707,114.74970245,0.00000000,64.03055572,64.66799926,9.75090599,22.29721069
88.76800537,114.57341766,0.00000000,64.03205871,64.69200134,9.75097751,22.32375907
88.86399841,114.87071228,0.00000000,64.04402160,64.71600341,9.75087642,22.34753036
88.96000671,114.90374755,0.00000000,64.09378051,64.74000549,9.75051212,22.35918807
89.05599975,114.36044311,0.00000000,64.11804962,64.76399993,9.75085163,22.37848472
89.15199279,114.78899383,0.00000000,64.10465240,64.78799438,9.75053501,22.41020202
89.24800109,114.52313232,0.00000000,64.14237213,64.81199645,9.75081729,22.42617607
89.34399414,114.71596527,0.00000000,64.12730407,64.83599853,9.75096511,22.45915603
89.44000244,114.82791137,0.00000000,64.22913360,64.86000061,9.75061988,22.45473289
89.53599548,114.34176635,0.00000000,64.18991088,64.88400268,9.75094699,22.49452209
89.63200378,114.53847503,0.00000000,66.56752014,64.90800476,9.75089836,0.00000000
89.72799682,114.61605072,0.00000000,64.23490142,64.93199920,9.75043201,22.46655273
89.82400512,114.48182678,0.00000000,64.26744842,64.95600128,9.75055503,22.48464584
89.91999816,114.25249481,0.00000000,64.28327941,64.97999572,9.75064659,22.50799560
90.01600646,114.61663818,0.00000000,64.31322479,65.00399780,9.75084209,22.52693557
90.11199951,114.65586853,0.00000000,64.31377410,65.02799987,9.75050544,22.55539703
90.20799255,114.23131561,0.00000000,64.36679840,65.05200195,9.75090026,22.56724739
90.30400085,114.08840179,0.00000000,64.35351562,65.07600402,9.75094890,22.60010910
90.39999389,114.42679595,0.00000000,64.37418365,65.09999847,9.75067806,22.62288093
90.49600219,114.63129425,0.00000000,64.41474151,65.12400054,9.75058078,22.63919067
90.59199523,114.36959838,0.00000000,64.44490051,65.14799499,9.75089836,22.65843391
90.68800354,114.55330657,0.00000000,64.43450927,65.17199707,9.75088500,22.69087791
90.78399658,114.93423461,0.00000000,64.49546813,65.19599914,9.75082969,22.70080566
90.88000488,115.01987457,0.00000000,64.50095367,65.22000122,9.75057601,22.72793197
90.97599792,114.60958862,0.00000000,64.53556823,65.24400329,9.75099182,22.74600219
91.07200622,114.43835449,0.00000000,64.57491302,65.26800537,9.75098705,22.76219177
91.16799926,114.70408630,0.00000000,64.56108093,65.29199981,9.75095462,22.79546928
91.26400756,114.99173736,0.00000000,66.93634796,65.31600189,9.75051784,0.00000000
91.36000061,114.79467010,0.00000000,64.60662078,65.33999633,9.75059413,22.76959800
91.45599365,114.44510650,0.00000000,64.60695648,65.36399841,9.75074958,22.79940795
91.55200195,114.49414825,0.00000000,64.60189819,65.38800048,9.75091171,22.83171081
91.64799499,114.77990722,0.00000000,64.63842773,65.41200256,9.75084209,22.85116195
91.74400329,114.82552337,0.00000000,64.67075347,65.43600463,9.75056648,22.87162208
91.83999633,114.39469146,0.00000000,64.68706512,65.45999908,9.75094127,22.89711380
91.93600463,114.64743041,0.00000000,64.71958160,65.48400115,9.75090599,22.91749191
92.03199768,114.65267181,0.00000000,64.73002624,65.50799560,9.75064086,22.94489669
92.12800598,114.32952880,0.00000000,64.76810455,65.53199768,9.75083065,22.96359062
92.22399902,114.32619476,0.00000000,64.77401733,65.55599975,9.75086593,22.99247741
92.32000732,114.59162902,0.00000000,64.80350494,65.58000183,9.75042247,23.01412773
92.41600036,114.22776794,0.00000000,64.85300445,65.60400390,9.75071716,23.02900695
92.51199340,114.04158020,0.00000000,64.84351348,65.62799835,9.75078105,23.06258964
92.60800170,114.42642974,0.00000000,64.86735534,65.65200042,9.75057601,23.08617591
92.70399475,114.21337127,0.00000000,64.91327667,65.67599487,9.75063991,23.10247993
92.80000305,114.36218261,0.00000000,64.91420745,65.69999694,9.75081729,23.13297462
92.89599609,114.90042877,0.00000000,67.25942993,65.72399902,9.75062274,0.00000000
92.99200439,114.23535919,0.00000000,64.95308685,65.74800109,9.75105667,23.11349868
93.08799743,114.53997802,0.00000000,64.97919464,65.77200317,9.75104236,23.13665008
93.18400573,114.57583618,0.00000000,65.01224517,65.79600524,9.75061988,23.15744972
93.27999877,114.22321319,0.00000000,65.01686859,65.81999969,9.75101852,23.18735504
93.37600708,114.41922760,0.00000000,65.04092407,65.84400177,9.75098705,23.21142959
93.47200012,114.50580596,0.00000000,65.04631042,65.86799621,9.75057220,23.24166297
93.56799316,114.14958190,0.00000000,65.07704162,65.89199829,9.75092887,23.26409339
93.66400146,114.42478942,0.00000000,65.10219573,65.91600036,9.75099849,23.28816032
93.75999450,114.34201812,0.00000000,65.12377166,65.94000244,9.75079250,23.31337738
93.85600280,114.11175537,0.00000000,65.14968872,65.96400451,9.75076293,23.33723068
93.95199584,114.36524963,0.00000000,65.18383026,65.98799896,9.75047779,23.35831260
94.04800415,113.98088073,0.00000000,65.18965148,66.01200103,9.75104331,23.38843727
94.14399719,114.15748596,0.00000000,65.18509674,66.03599548,9.75093460,23.42253112
94.24000549,114.26780700,0.00000000,65.22453308,66.05999755,9.75061988,23.44296264
94.33599853,113.89404296,0.00000000,65.28756713,66.08399963,9.75088882,23.45514678
94.43200683,114.19734954,0.00000000,65.29621887,66.10800170,9.75093460,23.48410415
94.52799987,114.71669769,0.00000000,67.61669921,66.13200378,9.75063705,0.00000000
94.62399291,114.22888946,0.00000000,65.29231262,66.15599822,9.75090789,23.48104667
94.72000122,114.43039703,0.00000000,65.31653594,66.18000030,9.75088310,23.50688171
94.81599426,114.49616241,0.00000000,65.33840179,66.20399475,9.75048828,23.53348922
94.91200256,114.16569519,0.00000000,65.37449645,66.22799682,9.75080108,23.55546569
95.00799560,114.43081665,0.00000000,65.41512298,66.25199890,9.75102043,23.57558631
95.10400390,114.48298645,0.00000000,65.41128540,66.27600097,9.75049972,23.60988044
95.19999694,114.06153869,0.00000000,65.42601776,66.30000305,9.75086879,23.63888168
95.29600524,114.30155181,0.00000000,65.48583984,66.32400512,9.75093460,23.65328025
95.39199829,114.09351348,0.00000000,65.49362945,66.34799957,9.75058650,23.68377113
95.48800659,114.24907684,0.00000000,65.52295684,66.37200164,9.75092983,23.70764541
95.58399963,114.46089935,0.00000000,65.52837371,66.39599609,9.75060272,23.73924636
95.67999267,113.94962310,0.00000000,65.59886932,66.41999816,9.75091266,23.74993133
95.77600097,114.19214630,0.00000000,65.56839752,66.44400024,9.75064277,23.79253959
95.87199401,113.81694030,0.00000000,65.57586669,66.46800231,9.75093746,23.82426643
95.96800231,114.16064453,0.00000000,65.63141632,66.49200439,9.75054168,23.84062004
96.06399536,113.79088592,0.00000000,65.64262390,66.51599884,9.75087356,23.87065696
96.16000366,114.25866699,0.00000000,67.98868560,66.54000091,9.75041961,0.00000000
96.25599670,113.67972564,0.00000000,65.65177917,66.56399536,9.75090599,23.86621475
96.35200500,114.09882354,0.00000000,65.70353698,66.58799743,9.75050163,23.88442230
96.44799804,113.76854705,0.00000000,65.70887756,66.61199951,9.75086212,23.91711616
96.54400634,114.08266448,0.00000000,65.75880432,66.63600158,9.75062465,23.93565368
96.63999938,113.96915435,0.00000000,65.76962280,66.66000366,9.75093746,23.96632003
96.73599243,113.68605804,0.00000000,65.77739715,66.68399810,9.75091743,23.99838447
96.83200073,114.04747009,0.00000000,65.79943084,66.70800018,9.75099182,24.02623367
96.92799377,113.76659393,0.00000000,65.80865478,66.73199462,9.75083351,24.05836486
97.02400207,114.13352203,0.00000000,65.89200592,66.75599670,9.75044059,24.06647872
97.11999511,114.07115936,0.00000000,65.89431762,66.77999877,9.75090503,24.09955787
97.21600341,113.95904541,0.00000000,65.92221069,66.80400085,9.75096416,24.12484169
97.31199645,114.25814819,0.00000000,65.95139312,66.82800292,9.75049495,24.14958763
97.40800476,113.98545074,0.00000000,65.98692321,66.85200500,9.75075531,24.17208099
97.50399780,114.45191192,0.00000000,65.97032928,66.87599945,9.75079154,24.21142768
97.60000610,114.66372680,0.00000000,66.03596496,66.90000152,9.75070571,24.22485733
97.69599914,114.41963958,0.00000000,66.04063415,66.92399597,9.75090026,24.25715637
97.79200744,114.91297149,0.00000000,68.32690429,66.94799804,9.75039863,0.00000000
97.88800048,114.59186553,0.00000000,66.04221343,66.97200012,9.75101184,24.25761032
97.98399353,114.48161315,0.00000000,66.06042480,66.99600219,9.75076580,24.28741455
98.08000183,114.67137145,0.00000000,66.08793640,67.02000427,9.75064754,24.31432342
98.17599487,114.33605957,0.00000000,66.14411163,67.04399871,9.75106048,24.33166503
98.27200317,114.74781036,0.00000000,66.13822174,67.06800079,9.75051212,24.36852645
98.36799621,114.64011383,0.00000000,66.15676879,67.09199523,9.75093460,24.39821624
98.46400451,114.54450988,0.00000000,66.18137359,67.11599731,9.75070190,24.42607498
98.55999755,114.55941772,0.00000000,66.21794891,67.13999938,9.75099468,24.44996452
98.65600585,114.19438934,0.00000000,66.23297119,67.16400146,9.75084209,24.48058700
98.75199890,114.42575073,0.00000000,66.25864410,67.18800354,9.75088500,24.50796890
98.84800720,114.14979553,0.00000000,66.28212738,67.21200561,9.75085639,24.53601837
98.94400024,114.46250915,0.00000000,66.33007812,67.23600006,9.75060558,24.55600929
99.03999328,114.14376068,0.00000000,66.35084533,67.25999450,9.75098991,24.58425331
99.13600158,115.02864837,0.00000000,66.35689544,67.28399658,9.75049304,24.61745071
99.23199462,114.91374206,0.00000000,66.44499206,67.30799865,9.75092411,24.62411308
99.32800292,115.27046966,0.00000000,66.41891479,67.33200073,9.75060081,24.66653060
99.42399597,115.37550354,0.00000000,68.71623992,67.35600280,9.75080490,0.00000000
99.52000427,115.01065063,0.00000000,66.48648071,67.38000488,9.75061988,24.64665985
99.61599731,114.94277954,0.00000000,66.44275665,67.40399932,9.75104236,24.69581222
99.71200561,114.67568969,0.00000000,66.48970031,67.42800140,9.75052738,24.71708106
99.80799865,114.27182769,0.00000000,66.50166320,67.45199584,9.75086307,24.74920082
99.90400695,114.57437133,0.00000000,66.53282928,67.47599792,9.75049686,24.77534866
100.00000000,114.16560363,0.00000000,66.53022766,67.50000000,9.75093746,24.81242370
100.09599304,114.51617431,0.00000000,66.55338287,67.52400207,9.75059318,24.84179496
100.19200134,114.13349914,0.00000000,66.55960083,67.54800415,9.75099372,24.87678337
100.28799438,114.33268737,0.00000000,66.63916015,67.57199859,9.75057792,24.88810157
100.38400268,113.98332977,0.00000000,66.60466003,67.59600067,9.75096893,24.93539237
100.47999572,114.26557159,0.00000000,66.66784667,67.61999511,9.75068187,24.95219993
100.57600402,113.81143188,0.00000000,66.69760131,67.64399719,9.75102710,24.97886466
100.67199707,114.13517761,0.00000000,66.73183441,67.66799926,9.75070953,25.00388145
100.76800537,113.96872711,0.00000000,66.69029998,67.69200134,9.75100421,25.05359268
100.86399841,114.21788024,0.00000000,66.82781982,67.71600341,9.75062847,25.04618263
100.96000671,113.97302246,0.00000000,66.75024414,67.74000549,9.75100994,25.10634994
101.05599975,113.97253417,0.00000000,69.02645111,67.76399993,9.75074577,0.00000000
101.15199279,114.04035949,0.00000000,66.85099792,67.78799438,9.75072383,25.08075714
101.24800109,113.67209625,0.00000000,66.87352752,67.81199645,9.75088119,25.10935211
101.34399414,114.04942321,0.00000000,66.86899566,67.83599853,9.75054264,25.14692306
101.44000244,113.94696044,0.00000000,66.86468505,67.86000061,9.75102710,25.18527793
101.53599548,113.66934967,0.00000000,66.90220642,67.88400268,9.75101375,25.21067237
101.63200378,113.97428894,0.00000000,66.94869995,67.90800476,9.75089073,25.23270606
101.72799682,113.67669677,0.00000000,66.98906707,67.93199920,9.75085353,25.25608062
101.82400512,114.02675628,0.00000000,66.97855377,67.95600128,9.75047302,25.29576110
101.91999816,113.59456634,0.00000000,67.04483032,67.97999572,9.75093460,25.31113052