Experience Name: clean
Operator Name: 
Start time: 8/16/2017 10:32:04 AM 8/16/2017 10:32:04 AM
Sampling/Pumping time: 0
Waiting time: 20
Lowest Temperature: 50
Low holding time: 0.5
Temperature 1: 80
Temp1 holding time: 0.5
Ramping speed 1: 15
Temperature2: 80
Temp2 holding time: 0
Ramping speed 2: 30.0
Time,PID1,PID2,Temp,Setpoint,pressure,pwm%

0.06399918,94.75364685,0.00000000,50.40991592,50.00000000,9.75121498,0.00000000
0.15999984,93.94570159,0.00000000,50.37393569,50.00000000,9.75123882,0.00000000
0.25600051,94.44906616,0.00000000,50.35624694,50.00000000,9.75091648,0.00000000
0.35199928,94.43103790,0.00000000,50.37484359,50.00000000,9.75094699,0.00000000
0.44799995,94.00227355,0.00000000,50.34646987,50.00000000,9.75108051,0.00000000
0.54400062,94.29724884,0.00000000,50.30250549,50.00000000,9.75102806,0.00000000
0.63999938,94.40819549,0.00000000,50.30920791,50.00000000,9.75089263,0.00000000
0.73600006,94.02046966,0.00000000,50.30636978,50.00000000,9.75122737,0.00000000
0.83200073,94.04992675,0.00000000,50.32041168,50.00000000,9.75116443,0.00000000
0.92799949,95.40482330,0.00000000,50.27518463,50.00000000,9.75212764,0.00000000
1.02400016,94.54161071,0.00000000,50.24824142,50.00000000,9.75241184,0.00000000
1.12000083,94.53768920,0.00000000,50.28750991,50.00000000,9.75227355,0.00000000
1.21599960,94.86094665,0.00000000,50.27632904,50.00000000,9.75181579,0.00000000
1.31200027,94.59829711,0.00000000,50.22864532,50.00000000,9.75211906,0.00000000
1.40800094,94.29093933,0.00000000,50.20661544,50.00000000,9.75172996,0.00000000
1.50399971,94.38819885,0.00000000,50.17304611,50.00000000,9.75143718,0.00000000
1.60000038,94.64545440,0.00000000,50.19240570,50.00000000,9.75118255,0.00000000
1.69599914,95.52288818,0.00000000,50.16186523,50.00000000,9.75162506,0.00000000
1.79199981,95.97950744,0.00000000,50.19578933,50.00000000,9.75164413,0.00000000
1.88800048,97.33795928,0.00000000,50.13413619,50.00000000,9.75118160,0.00000000
1.98399925,97.77730560,0.00000000,50.11205673,50.00000000,9.75153160,0.00000000
2.07999992,97.40585327,0.00000000,50.14438629,50.00000000,9.75156974,0.00000000
2.17600059,97.60603332,0.00000000,50.07605743,50.00000000,9.75132560,0.00000000
2.27199935,97.71148681,0.00000000,50.12192916,50.00000000,9.75150871,0.00000000
2.36800003,97.00997161,0.00000000,50.10819625,50.00000000,9.75202465,0.00000000
2.46400070,95.67390441,0.00000000,50.06707000,50.00000000,9.75244426,0.00000000
2.55999946,95.38516998,0.00000000,50.04019927,50.00000000,9.75229167,0.00000000
2.65600013,94.56201934,0.00000000,50.04339218,50.00000000,9.75212287,0.00000000
2.75200080,94.32725524,0.00000000,50.01559448,50.00000000,9.75255012,0.00000000
2.84799957,94.70233154,0.00000000,50.03957748,50.00000000,9.75199508,0.00000000
2.94400024,94.40161895,0.00000000,50.02117156,50.00000000,9.75198268,0.00000000
3.04000091,94.16165924,8.74388313,49.96519088,50.00000000,9.75170993,22.29690170
3.13599967,94.33084106,8.73979759,49.99993133,50.00000000,9.75162506,22.28648376
3.23200035,94.47161102,8.73988723,49.99923706,50.00000000,9.75121688,22.28671264
3.32799911,95.19836425,8.74325370,49.97329711,50.00000000,9.75147247,22.29529571
3.42399978,96.19045257,8.74136734,49.99029922,50.00000000,9.75154113,22.29048538
3.52000045,97.06072998,0.00000000,50.03621673,50.00000000,9.75123500,0.00000000
3.61599922,97.50689697,0.00000000,50.04920959,50.00000000,9.75152492,0.00000000
3.71199989,97.80381011,0.00000000,50.02694320,50.00000000,9.75145816,0.00000000
3.80800056,97.75826263,0.00000000,50.07319641,50.00000000,9.75137805,0.00000000
3.90399932,97.38922882,0.00000000,50.05953598,50.00000000,9.75175189,0.00000000
4.00000000,96.86504364,0.00000000,50.02033996,50.00000000,9.75180053,0.00000000
4.09600067,95.76642608,0.00000000,50.00460433,50.00000000,9.75229358,0.00000000
4.19199943,94.47920989,8.73759365,49.99578094,50.00000000,9.75246238,22.28086471
4.28800010,94.56187438,0.00000000,50.02622604,50.00000000,9.75230598,0.00000000
4.38400077,94.43030548,8.73896503,49.98319244,50.00000000,9.75222492,22.28436088
4.47999954,94.11278533,0.00000000,50.01023101,50.00000000,9.75184154,0.00000000
4.57600021,94.28591156,0.00000000,50.00276565,50.00000000,9.75205898,0.00000000
4.67200088,93.99857330,8.73713684,49.99766540,50.00000000,9.75185871,22.27969932
4.76799964,94.38115692,0.00000000,50.02501296,50.00000000,9.75123786,0.00000000
4.86400032,94.34629058,0.00000000,50.02589416,50.00000000,9.75128650,0.00000000
4.95999908,95.17272949,0.00000000,50.00803756,50.00000000,9.75158977,0.00000000
5.05599975,96.18812561,0.00000000,50.03276062,50.00000000,9.75132179,0.00000000
5.15200042,97.02033233,8.73887443,49.97611236,50.00000000,9.75151538,22.28413009
5.24799919,97.31997680,0.00000000,50.01697540,50.00000000,9.75148963,0.00000000
5.34399986,97.70352935,0.00000000,50.01948165,50.00000000,9.75112915,0.00000000
5.44000053,97.67582702,0.00000000,50.02234268,50.00000000,9.75171756,0.00000000
5.53599929,97.42588043,0.00000000,50.00905990,50.00000000,9.75192642,0.00000000
5.63199996,96.69802856,8.73674774,49.98855590,50.00000000,9.75173377,22.27870559
5.72800064,95.53476715,8.74122047,49.95503616,50.00000000,9.75240039,22.29011154
5.82399940,94.87446594,0.00000000,50.00977706,50.00000000,9.75245761,0.00000000
5.92000007,94.26430511,0.00000000,50.00243377,50.00000000,9.75128364,0.00000000
6.01600074,93.89613342,8.73783111,49.98419570,50.00000000,9.75189685,22.28147125
6.11199951,94.26268768,0.00000000,50.01459121,50.00000000,9.75132656,0.00000000
6.20800018,94.15449523,0.00000000,50.02403259,50.00000000,9.75163078,0.00000000
6.30400085,93.88814544,0.00000000,50.02057647,50.00000000,9.75173377,0.00000000
6.39999961,94.30255889,0.00000000,50.01735687,50.00000000,9.75122737,0.00000000
6.49600028,94.08841705,0.00000000,50.00779724,50.00000000,9.75149059,0.00000000
6.59199905,93.82698822,8.73567771,49.99461364,50.00000000,9.75144577,22.27597808
6.68799972,94.24534606,8.73655605,49.98831939,50.00000000,9.75107574,22.27821731
6.78400039,93.83499145,0.00000000,50.01866912,50.00000000,9.75162029,0.00000000
6.87999916,94.20860290,0.00000000,50.00176620,50.00000000,9.75122261,0.00000000
6.97599983,94.13480377,0.00000000,50.01399612,50.00000000,9.75146484,0.00000000
7.07200050,93.88594818,0.00000000,50.00181198,50.00000000,9.75156307,0.00000000
7.16799926,94.21081542,0.00000000,50.01230239,50.00000000,9.75126171,0.00000000
7.26399993,93.80689239,8.73697376,49.98173904,50.00000000,9.75148010,22.27928352
7.36000061,94.20718383,8.73537540,49.99575805,50.00000000,9.75128746,22.27520561
7.45599937,94.12064361,0.00000000,50.01859664,50.00000000,9.75159931,0.00000000
7.55200004,94.26015472,0.00000000,50.02591705,50.00000000,9.75134277,0.00000000
7.64800071,93.81230926,0.00000000,50.03383255,50.00000000,9.75161457,0.00000000
7.74399948,94.21564483,0.00000000,50.02963638,50.00000000,9.75139522,0.00000000
7.84000015,93.73504638,8.73405838,49.99649810,50.00000000,9.75148963,22.27184867
7.93600082,94.19404602,8.73599624,49.98183441,50.00000000,9.75130653,22.27679061
8.03199958,93.84226226,0.00000000,50.03118515,50.00000000,9.75161552,0.00000000
8.12800025,94.08020782,0.00000000,50.01471328,50.00000000,9.75130462,0.00000000
8.22400093,93.78572082,0.00000000,50.03633499,50.00000000,9.75149726,0.00000000
8.31999969,94.11273956,0.00000000,50.01645278,50.00000000,9.75159454,0.00000000
8.41600036,94.17639923,0.00000000,50.02350997,50.00000000,9.75119876,0.00000000
8.51199913,93.74059295,8.73272514,49.99766540,50.00000000,9.75144958,22.26844787
8.60799980,94.08164978,0.00000000,50.04408645,50.00000000,9.75122737,0.00000000
8.70400047,93.82179260,0.00000000,50.02613067,50.00000000,9.75158977,0.00000000
8.79999923,93.89753723,0.00000000,50.02963638,50.00000000,9.75146198,0.00000000
8.89599990,94.12342071,0.00000000,50.04706573,50.00000000,9.75125789,0.00000000
8.99200057,93.77043914,8.73352336,49.97835159,50.00000000,9.75160789,22.27048492
9.08799934,94.06979370,0.00000000,50.04172515,50.00000000,9.75168323,0.00000000
9.18400001,94.17156982,0.00000000,50.00224304,50.00000000,9.75125408,0.00000000
9.28000068,93.76257324,0.00000000,50.04551696,50.00000000,9.75164699,0.00000000
9.37599945,94.03965759,0.00000000,50.00100326,50.00000000,9.75175571,0.00000000
9.47200012,94.14498138,0.00000000,50.01590347,50.00000000,9.75124931,0.00000000
9.56800079,93.84539794,8.73460006,49.96232986,50.00000000,9.75151252,22.27323150
9.66399955,94.16246032,8.73463344,49.96550369,50.00000000,9.75162887,22.27331542
9.76000022,94.12064361,0.00000000,50.02639389,50.00000000,9.75126934,0.00000000
9.85600090,93.84155273,8.73080825,49.99580383,50.00000000,9.75149250,22.26356124
9.95199966,93.80010986,0.00000000,50.02656173,50.00000000,9.75138950,0.00000000
10.04800033,94.16700744,0.00000000,50.03037643,50.00000000,9.75125598,0.00000000
10.14399909,93.89616394,0.00000000,50.05610275,50.00000000,9.75136184,0.00000000
10.23999977,93.96836090,0.00000000,50.01836013,50.00000000,9.75161457,0.00000000
10.33600044,94.29104614,0.00000000,50.01544952,50.00000000,9.75121688,0.00000000
10.43199920,93.89154815,0.00000000,50.01628494,50.00000000,9.75168609,0.00000000
10.52799987,94.11609649,8.73020935,49.98598098,50.00000000,9.75147247,22.26203536
10.62400054,93.84169006,8.72909736,49.99585342,50.00000000,9.75138473,22.25919723
10.71999931,94.18272399,0.00000000,50.04920959,50.00000000,9.75159740,0.00000000
10.81599998,94.26140594,0.00000000,50.02620315,50.00000000,9.75131416,0.00000000
10.91200065,93.79182434,0.00000000,50.04019927,50.00000000,9.75161552,0.00000000
11.00799942,94.18975067,0.00000000,50.00486373,50.00000000,9.75124931,0.00000000
11.10400009,94.13212585,0.00000000,50.02513122,50.00000000,9.75163078,0.00000000
11.20000076,94.36091613,0.00000000,50.01092147,50.00000000,9.75123691,0.00000000
11.29599952,94.22305297,0.00000000,50.03562164,50.00000000,9.75173377,0.00000000
11.39200019,94.36293029,0.00000000,50.00796508,50.00000000,9.75126934,0.00000000
11.48800086,94.37163543,8.72968101,49.97351455,50.00000000,9.75174999,22.26068687
11.58399963,94.20040893,8.73193645,49.95849227,50.00000000,9.75166034,22.26643943
11.68000030,94.49980926,8.72939109,49.98192977,50.00000000,9.75159740,22.25994873
11.77599906,94.30826568,0.00000000,50.01764297,50.00000000,9.75167942,0.00000000
11.87199974,94.78878021,0.00000000,50.00495910,50.00000000,9.75140190,0.00000000
11.96800041,94.57353973,0.00000000,50.01747894,50.00000000,9.75166130,0.00000000
12.06399917,95.19258117,0.00000000,50.03442764,50.00000000,9.75131416,0.00000000
12.15999984,95.45816802,0.00000000,50.03855514,50.00000000,9.75169372,0.00000000
12.25600051,95.73157501,8.72618579,49.99806976,50.00000000,9.75168704,22.25177383
12.35200119,96.43642425,8.72744750,49.98848724,50.00000000,9.75137138,22.25499153
12.44800186,96.72336578,0.00000000,50.01485443,50.00000000,9.75158977,0.00000000
12.54399871,97.57889556,0.00000000,50.02074432,50.00000000,9.75132656,0.00000000
12.63999938,97.92709350,0.00000000,50.03867340,50.00000000,9.75152015,0.00000000
12.73600006,98.14794921,8.72565174,49.99666213,50.00000000,9.75120925,22.25041007
12.83200073,98.46572113,0.00000000,50.02541732,50.00000000,9.75153541,0.00000000
12.92800140,98.35113525,0.00000000,50.02794265,50.00000000,9.75170326,0.00000000
13.02399826,98.69136810,0.00000000,50.02400970,50.00000000,9.75156784,0.00000000
13.11999893,98.39867401,0.00000000,50.03647994,50.00000000,9.75168323,0.00000000
13.21599960,98.80220794,0.00000000,50.04677963,50.00000000,9.75120162,0.00000000
13.31200027,98.33116912,0.00000000,50.06327819,50.00000000,9.75174617,0.00000000
13.40800094,98.57710266,8.72345733,49.99356460,50.00000000,9.75131130,22.24481582
13.50400161,98.51593780,0.00000000,50.01645278,50.00000000,9.75166320,0.00000000
13.59999847,98.16177368,0.00000000,50.01976776,50.00000000,9.75170707,0.00000000
13.69599914,98.21002197,0.00000000,50.05903244,50.00000000,9.75106334,0.00000000
13.79199981,97.81292724,0.00000000,50.04234313,50.00000000,9.75160789,0.00000000
13.88800048,98.15320587,0.00000000,50.02765655,50.00000000,9.75118637,0.00000000
13.98400115,97.67276000,0.00000000,50.01502227,50.00000000,9.75165653,0.00000000
14.08000183,97.88089752,0.00000000,50.01645278,50.00000000,9.75119113,0.00000000
14.17599868,97.64722442,0.00000000,50.00054931,50.00000000,9.75146961,0.00000000
14.27199935,97.31372833,8.72144031,49.99179840,50.00000000,9.75160408,22.23967361
14.36800003,97.51343536,8.72426986,49.97067642,50.00000000,9.75167942,22.24688911
14.46400070,97.11180877,8.72101402,49.99850082,50.00000000,9.75158977,22.23858642
14.56000137,97.39492797,0.00000000,50.00329208,50.00000000,9.75129604,0.00000000
14.65599822,97.02899932,0.00000000,50.01151657,50.00000000,9.75159740,0.00000000
14.75199890,97.37384033,0.00000000,50.00257492,50.00000000,9.75138092,0.00000000
14.84799957,96.98406982,8.72309207,49.98099899,50.00000000,9.75152492,22.24388504
14.94400024,97.31371307,0.00000000,50.08325576,50.00000000,9.75122451,0.00000000
15.04000091,97.04219055,0.00000000,50.05512237,50.00000000,9.75161457,0.00000000
15.13600158,97.22980499,0.00000000,50.02546310,50.00000000,9.75120735,0.00000000
15.23199844,97.09006500,0.00000000,50.04465866,50.00000000,9.75153923,0.00000000
15.32799911,97.02752685,0.00000000,50.05164337,50.00000000,9.75126743,0.00000000
15.42399978,96.92323303,0.00000000,50.00472259,50.00000000,9.75160598,0.00000000
15.52000045,96.64268493,0.00000000,50.00205230,50.00000000,9.75158023,0.00000000
15.61600112,96.88235473,8.72472667,49.94583129,50.00000000,9.75159549,22.24805259
15.71200180,96.50246429,8.71894168,49.99544906,50.00000000,9.75155353,22.23330307
15.80799865,96.74374389,0.00000000,50.02122116,50.00000000,9.75126552,0.00000000
15.90399932,96.45013427,0.00000000,50.02095794,50.00000000,9.75165557,0.00000000
16.00000000,96.78222656,0.00000000,50.01483154,50.00000000,9.75128364,0.00000000
16.09600067,96.58461761,0.00000000,50.00963211,50.00000000,9.75164413,0.00000000
16.19200134,96.59445953,0.00000000,50.01273345,50.00000000,9.75125885,0.00000000
16.28799819,96.46504211,0.00000000,50.01664352,50.00000000,9.75165748,0.00000000
16.38399887,96.17161560,8.72270774,49.95803833,50.00000000,9.75164222,22.24290466
16.47999954,96.47000122,8.71853637,49.99408721,50.00000000,9.75129699,22.23226928
16.57600021,95.97637176,8.71806621,49.99826049,50.00000000,9.75160789,22.23106956
16.67200088,96.42343902,0.00000000,50.04697036,50.00000000,9.75123119,0.00000000
16.76800155,96.27671051,0.00000000,50.00920486,50.00000000,9.75155925,0.00000000
16.86399841,95.98099517,0.00000000,50.00825119,50.00000000,9.75162601,0.00000000
16.95999908,96.26954650,0.00000000,50.02901840,50.00000000,9.75122070,0.00000000
17.05599975,95.83127593,8.71774578,49.99239730,50.00000000,9.75160884,22.23025131
17.15200042,96.24665832,8.71729564,49.99656677,50.00000000,9.75116062,22.22910308
17.24800109,96.17130279,0.00000000,50.04267883,50.00000000,9.75142002,0.00000000
17.34400177,95.79792785,0.00000000,50.05588531,50.00000000,9.75153160,0.00000000
17.43999862,96.03456115,0.00000000,50.01981353,50.00000000,9.75128841,0.00000000
17.53599929,95.71641540,0.00000000,50.05979537,50.00000000,9.75159168,0.00000000
17.63199996,96.13793945,0.00000000,50.04386901,50.00000000,9.75122928,0.00000000
17.72800064,95.93598175,0.00000000,50.01809692,50.00000000,9.75164985,0.00000000
17.82400131,95.62526702,0.00000000,50.03140258,50.00000000,9.75150394,0.00000000
17.91999816,95.94796752,0.00000000,50.03333282,50.00000000,9.75123882,0.00000000
18.01599884,95.58148193,8.71573352,49.98123931,50.00000000,9.75146865,22.22512054
18.11199951,95.94507598,0.00000000,50.01805114,50.00000000,9.75118160,0.00000000
18.20800018,95.85186767,0.00000000,50.00498580,50.00000000,9.75156021,0.00000000
18.30400085,95.58226776,8.71470451,49.98879623,50.00000000,9.75142002,22.22249794
18.40000152,95.82054901,0.00000000,50.04697036,50.00000000,9.75156593,0.00000000
18.49599838,95.49668121,0.00000000,50.03974533,50.00000000,9.75150680,0.00000000
18.59199905,95.90688323,0.00000000,50.04167556,50.00000000,9.75124931,0.00000000
18.68799972,95.53295135,0.00000000,50.05498123,50.00000000,9.75156211,0.00000000
18.78400039,96.11144256,0.00000000,50.01034927,50.00000000,9.75118160,0.00000000
18.88000106,96.09550476,0.00000000,50.00374603,50.00000000,9.75154495,0.00000000
18.97600173,96.14822387,0.00000000,50.03404617,50.00000000,9.75162696,0.00000000
19.07199859,96.21675109,0.00000000,50.02021789,50.00000000,9.75140190,0.00000000
19.16799926,96.11375427,0.00000000,50.00651168,50.00000000,9.75153923,0.00000000
19.26399993,96.51525115,8.71062755,49.99785614,50.00000000,9.75146102,22.21209907
19.36000061,96.15430450,8.71535301,49.96154403,50.00000000,9.75150489,22.22414970
19.45600128,96.65831756,8.71135330,49.99594879,50.00000000,9.75133132,22.21394920
19.55199813,96.67904663,0.00000000,50.04796981,50.00000000,9.75174427,0.00000000
19.64799880,96.40493011,0.00000000,50.01938629,50.00000000,9.75139236,0.00000000
19.74399948,96.62522888,8.71243762,49.98181152,50.00000000,9.75153541,22.21671676
19.84000015,96.38320159,8.71300411,49.97909164,50.00000000,9.75155162,22.21816062
19.93600082,96.77097320,0.00000000,50.06110763,50.00000000,9.75114727,0.00000000
20.03200149,96.32006835,0.00000000,50.01301956,50.00000000,9.75149726,0.00000000
20.12799835,96.64774322,0.00000000,50.02336502,50.00000000,9.75135707,0.00000000
20.22399902,96.58601379,0.00000000,50.06456375,50.00000000,9.75155162,0.00000000
20.31999969,96.73095703,0.00000000,50.04775619,50.00000000,9.75131607,0.00000000
20.41600036,96.44773101,0.00000000,50.06096649,50.00000000,9.75150394,0.00000000
20.51200103,96.15330505,0.00000000,50.04284667,50.00000000,9.75158405,0.00000000
20.60800170,96.35159301,0.00000000,50.04334640,50.00000000,9.75144958,0.00000000
20.70399856,96.00035858,0.00000000,50.04830551,50.00000000,9.75161266,0.00000000
20.79999923,96.36351013,0.00000000,50.00627136,50.00000000,9.75122737,0.00000000
20.89599990,96.06707763,0.00000000,50.03900527,50.00000000,9.75149440,0.00000000
20.99200057,96.25494384,8.70950126,49.96709823,50.00000000,9.75130462,22.20922851
21.08800125,96.05790710,8.71234989,49.94807434,50.00000000,9.75151062,22.21649169
21.18399810,95.78782653,8.71015262,49.96976852,50.00000000,9.75150966,22.21088981
21.27999877,96.04877471,8.70981788,49.97510910,50.00000000,9.75119400,22.21003532
21.37599945,95.60530090,0.00000000,50.04587173,50.00000000,9.75158977,0.00000000
21.47200012,95.88185119,0.00000000,50.02548980,50.00000000,9.75126171,0.00000000
21.56800079,95.58142089,0.00000000,50.04870986,50.00000000,9.75162696,0.00000000
21.66400146,95.95253753,0.00000000,50.00701141,50.00000000,9.75130653,0.00000000
21.75999832,95.68940734,0.00000000,50.01478195,50.00000000,9.75157356,0.00000000
21.85599899,95.41832733,0.00000000,50.06709289,50.00000000,9.75147628,0.00000000
21.95199966,95.65742492,0.00000000,50.03144836,50.00000000,9.75123882,0.00000000
22.04800033,95.31238555,0.00000000,50.04632568,50.00000000,9.75162696,0.00000000
22.14400100,95.64287567,8.70384311,49.99747467,50.00000000,9.75119590,22.19479942
22.24000167,95.51623535,0.00000000,50.00905990,50.00000000,9.75150394,0.00000000
22.33599853,95.22516632,8.70381546,49.99709320,50.00000000,9.75160026,22.19473075
22.43199920,95.43389892,0.00000000,50.04358291,50.00000000,9.75142765,0.00000000
22.52799987,95.02124023,0.00000000,50.02572631,50.00000000,9.75154304,0.00000000
22.62400054,95.43243408,8.70282459,49.99871444,50.00000000,9.75119113,22.19220352
22.72000122,95.33729553,0.00000000,50.01161193,50.00000000,9.75164985,0.00000000
22.81600189,95.01755523,0.00000000,50.01559448,50.00000000,9.75148677,0.00000000
22.91199874,95.33466339,0.00000000,50.02043533,50.00000000,9.75134277,0.00000000
23.00799942,94.82764434,0.00000000,50.02334213,50.00000000,9.75172042,0.00000000
23.10400009,95.27476501,0.00000000,50.03717041,50.00000000,9.75123405,0.00000000
23.20000076,95.17797088,0.00000000,50.01244735,50.00000000,9.75153160,0.00000000
23.29600143,94.88414764,0.00000000,50.01206588,50.00000000,9.75146484,0.00000000
23.39199829,95.13398742,0.00000000,50.00875091,50.00000000,9.75107383,0.00000000
23.48799896,94.85397338,0.00000000,50.00090789,50.00000000,9.75162124,0.00000000
23.58399963,95.25379180,0.00000000,50.01273345,50.00000000,9.75118255,0.00000000
23.68000030,95.00492095,8.70103359,49.99856948,50.00000000,9.75146865,22.18763732
23.77600097,94.68644714,8.70560741,49.96335601,50.00000000,9.75167083,22.19930076
23.87200164,95.05066680,0.00000000,50.01046752,50.00000000,9.75121688,0.00000000
23.96799850,95.01473236,0.00000000,50.01516342,50.00000000,9.75163078,0.00000000
24.06399917,94.91304779,0.00000000,50.00672531,50.00000000,9.75117874,0.00000000
24.15999984,94.86681365,8.70327377,49.98178482,50.00000000,9.75147819,22.19334793
24.25600051,94.54581451,8.70152187,49.99697494,50.00000000,9.75160789,22.18888092
24.35200119,94.92489624,0.00000000,50.01857376,50.00000000,9.75119590,0.00000000
24.44800186,94.50138854,0.00000000,50.02568054,50.00000000,9.75162220,0.00000000
24.54399871,94.94909667,0.00000000,50.02534484,50.00000000,9.75119400,0.00000000
24.63999938,94.75801086,0.00000000,50.00987243,50.00000000,9.75156593,0.00000000
24.73600006,94.47924804,0.00000000,50.00476837,50.00000000,9.75149726,0.00000000
24.83200073,94.80293273,0.00000000,50.06385040,50.00000000,9.75114727,0.00000000
24.92800140,94.40674591,0.00000000,50.00066757,50.00000000,9.75150966,0.00000000
25.02399826,94.79768371,0.00000000,50.02343750,50.00000000,9.75130271,0.00000000
25.11999893,94.77969360,8.70401477,49.96232986,50.00000000,9.75136184,22.19523811
25.21599960,94.71713256,8.70341777,49.97036743,50.00000000,9.75141429,22.19371604
25.31200027,94.70749664,0.00000000,50.00462722,50.00000000,9.75119400,0.00000000
25.40800094,94.37899017,0.00000000,50.02374649,50.00000000,9.75146770,0.00000000
25.50400161,94.79526519,8.70032882,49.99435043,50.00000000,9.75106239,22.18583869
25.59999847,94.66752624,0.00000000,50.01330566,50.00000000,9.75151538,0.00000000
25.69599914,94.40657043,0.00000000,50.01101684,50.00000000,9.75117397,0.00000000
25.79199981,94.60458374,0.00000000,50.01163482,50.00000000,9.75114440,0.00000000
25.88800048,94.29697418,0.00000000,50.00271987,50.00000000,9.75158405,0.00000000
25.98400115,94.71546173,0.00000000,50.03142547,50.00000000,9.75119304,0.00000000
26.08000183,94.65708160,8.70089054,49.98416900,50.00000000,9.75160217,22.18726921
26.17599868,94.26061248,8.69977664,49.99420928,50.00000000,9.75165271,22.18442916
26.27199935,94.52149200,0.00000000,50.03726577,50.00000000,9.75174999,0.00000000
26.36800003,94.24030303,0.00000000,50.01258850,50.00000000,9.75157356,0.00000000
26.46400070,94.65143585,0.00000000,50.00078964,50.00000000,9.75113296,0.00000000
26.56000137,94.14300537,8.69870567,49.99840545,50.00000000,9.75151538,22.18169975
26.65599822,94.56811523,0.00000000,50.02963638,50.00000000,9.75129795,0.00000000
26.75199890,94.56700134,0.00000000,50.02870559,50.00000000,9.75168704,0.00000000
26.84799957,94.42826843,0.00000000,50.02114868,50.00000000,9.75166130,0.00000000
26.94400024,94.44702148,0.00000000,50.04236984,50.00000000,9.75124168,0.00000000
27.04000091,94.16059875,0.00000000,50.03643035,50.00000000,9.75160598,0.00000000
27.13600158,94.51158905,0.00000000,50.01564025,50.00000000,9.75126743,0.00000000
27.23199844,94.14762878,0.00000000,50.03108978,50.00000000,9.75157546,0.00000000
27.32799911,94.52987670,8.70104503,49.96183013,50.00000000,9.75131034,22.18766403
27.42399978,94.43264007,0.00000000,50.01707077,50.00000000,9.75145626,0.00000000
27.52000045,94.14706420,0.00000000,50.00758361,50.00000000,9.75158023,0.00000000
27.61600112,94.42640686,8.69706916,49.99377822,50.00000000,9.75162124,22.17752647
27.71200180,94.06851196,0.00000000,50.00403213,50.00000000,9.75160121,0.00000000
27.80799865,94.44349670,8.69803524,49.98650741,50.00000000,9.75126934,22.17998886
27.90399932,94.03424072,8.69660186,49.99880981,50.00000000,9.75160217,22.17633438
28.00000000,94.45074462,0.00000000,50.02904129,50.00000000,9.75136756,0.00000000
28.09600067,94.37634277,0.00000000,50.03915023,50.00000000,9.75150871,0.00000000
28.19200134,94.48413085,0.00000000,50.02851486,50.00000000,9.75121688,0.00000000
28.28799819,94.36372375,0.00000000,50.06411361,50.00000000,9.75146484,0.00000000
28.38399887,94.50904846,0.00000000,50.04897308,50.00000000,9.75125217,0.00000000
28.47999954,94.09532165,0.00000000,50.06730651,50.00000000,9.75162887,0.00000000
28.57600021,94.51895904,0.00000000,50.02412796,50.00000000,9.75110149,0.00000000
28.67200088,94.14366149,0.00000000,50.03559875,50.00000000,9.75163269,0.00000000
28.76800155,94.47290802,0.00000000,50.00760650,50.00000000,9.75135707,0.00000000
28.86399841,94.23664093,0.00000000,50.01120758,50.00000000,9.75145244,0.00000000
28.95999908,94.45275878,0.00000000,50.01054000,50.00000000,9.75166225,0.00000000
29.05599975,94.55529022,8.69574356,49.97227478,50.00000000,9.75125598,22.17414474
29.15200042,94.15979766,8.69850063,49.95348739,50.00000000,9.75153160,22.18117713
29.24800109,94.40247344,0.00000000,50.01690673,50.00000000,9.75127506,0.00000000
29.34400177,94.09461975,8.69379234,49.99256134,50.00000000,9.75120639,22.16917037
29.43999862,94.19366455,0.00000000,50.03976821,50.00000000,9.75155735,0.00000000
29.53599929,94.42987823,8.69490718,49.98099899,50.00000000,9.75111961,22.17201423
29.63199996,94.12607574,0.00000000,50.04353713,50.00000000,9.75171470,0.00000000
29.72800064,94.28344726,0.00000000,50.04529953,50.00000000,9.75164413,0.00000000
29.82400131,94.28958892,0.00000000,50.04758834,50.00000000,9.75124549,0.00000000
29.91999816,93.99848937,0.00000000,50.04806518,50.00000000,9.75163841,0.00000000
30.01599884,94.32080078,0.00000000,50.00531768,50.00399780,9.75145530,0.00000000
30.11199951,94.30117034,8.69244670,50.01282882,50.02799987,9.75125980,22.16574096
30.20800018,93.94885253,8.69093799,50.04987716,50.05200195,9.75149536,22.16189193
30.30400085,93.87496948,8.69555854,50.03836441,50.07600021,9.75170803,22.17367362
30.40000152,94.19057464,8.69962215,50.03438186,50.09999847,9.75132560,22.18403625
30.49599838,94.22714996,8.69867420,50.07167053,50.12400054,9.75128841,22.18161964
30.59199905,93.79479217,8.69890213,50.09865951,50.14799880,9.75153923,22.18220138
30.68799972,94.21945953,8.69981765,50.12006759,50.17200088,9.75109767,22.18453598
30.78400039,93.96181488,8.70358467,50.11968612,50.19599914,9.75142002,22.19414138
30.88000106,94.16835021,8.70210838,50.16202926,50.22000122,9.75151538,22.19037628
30.97600173,94.27088928,8.69765758,50.22568893,50.24399948,9.75119018,22.17902755
31.07199859,93.89496612,8.70345973,50.20652008,50.26799774,9.75156307,22.19382286
31.16799926,94.25390625,8.70385837,50.23303222,50.29199981,9.75105667,22.19483947
31.26399993,93.81719970,8.70452690,50.25723266,50.31600189,9.75146198,22.19654273
31.36000061,94.18721771,8.70210647,50.30527114,50.34000015,9.75100040,22.19037055
31.45600128,93.92834472,8.70531177,50.30765533,50.36399841,9.75154876,22.19854545
31.55199813,94.30069732,8.70348358,50.35090637,50.38800048,9.75134086,22.19388389
31.64799880,94.11684417,8.70412063,50.37336349,50.41199874,9.75163650,22.19550704
31.74399948,93.82596588,8.70408248,50.40116500,50.43600082,9.75126361,22.19541168
31.84000015,94.36790466,8.70545101,50.41775894,50.45999908,9.75159168,22.19890022
31.93600082,94.12844848,8.70504951,50.44870376,50.48400115,9.75118637,22.19787597
32.03200149,94.18350219,8.70657730,50.46410751,50.50799942,9.75133705,22.20177078
32.12799835,93.76035308,8.70167732,50.52995681,50.53199768,9.75144958,22.18927574
32.22399902,94.13281250,8.70356655,50.53954315,50.55599975,9.75109577,22.19409370
32.31999969,94.10961914,8.70174980,50.57907104,50.58000183,9.75160789,22.18946266
32.41600036,93.81783294,8.70332813,50.59096908,50.60400009,9.75168037,22.19348526
32.51200103,94.23723602,0.00000000,50.63078689,50.62799835,9.75143051,0.00000000
32.60800170,93.71835327,0.00000000,50.65827560,50.65200042,9.75154495,0.00000000
32.70399856,93.82462310,0.00000000,50.69070053,50.67599868,9.75153923,0.00000000
32.79999923,94.17288970,8.70291519,50.68917465,50.70000076,9.75124645,22.19243431
32.89599990,93.83159637,0.00000000,50.72980117,50.72399902,9.75149250,0.00000000
32.99200057,94.16969299,8.70774269,50.70033264,50.74800109,9.75123977,22.20474433
33.08800125,94.15288543,0.00000000,50.77571868,50.77199935,9.75154495,0.00000000
33.18399810,93.92105865,8.70684432,50.75926971,50.79599761,9.75137901,22.20245170
33.27999877,94.16520690,8.70677852,50.78711700,50.81999969,9.75104331,22.20228385
33.37599945,93.85779571,8.70727157,50.81029129,50.84400177,9.75142574,22.20354270
33.47200012,94.28269958,8.70919418,50.82249832,50.86800003,9.75123977,22.20844459
33.56800079,94.10382080,8.71182346,50.83031845,50.89199829,9.75157070,22.21514892
33.66400146,93.87464904,8.71137428,50.86338806,50.91600036,9.75150108,22.21400451
33.75999832,94.17137908,8.70617103,50.93238449,50.93999862,9.75122451,22.20073699
33.85599899,94.15276336,0.00000000,50.97138977,50.96400070,9.75153350,0.00000000
33.95199966,94.00086212,8.70812129,50.96533584,50.98799896,9.75117969,22.20570755
34.04800033,94.28554534,8.71603870,50.93021392,51.01200103,9.75153923,22.22589874
34.14400100,94.11297607,0.00000000,51.03883743,51.03599929,9.75161933,0.00000000
34.24000167,94.84942626,8.70728588,51.05302429,51.06000137,9.75132560,22.20357894
34.33599853,95.43233489,8.70800495,51.07209777,51.08399963,9.75180244,22.20541381
34.43199920,96.20421600,0.00000000,51.12676620,51.10800170,9.75165367,0.00000000
34.52799987,98.11139678,8.70822429,51.11777877,51.13199996,9.75165271,22.20597267
34.62400054,99.98248291,8.71012115,51.12841415,51.15599822,9.75159740,22.21080970
34.72000122,103.42565155,8.70697784,51.17921829,51.18000030,9.75121688,22.20279312
34.81600189,106.83037567,0.00000000,51.21755599,51.20400238,9.75174999,0.00000000
34.91199874,110.27980804,8.70881843,51.21183395,51.22800064,9.75177860,22.20748710
35.00799942,114.28933715,8.70774841,51.24557113,51.25199890,9.75135707,22.20475769
35.10400009,117.04014587,0.00000000,51.32019805,51.27600097,9.75171375,0.00000000
35.20000076,119.82984924,8.70987701,51.27368164,51.29999923,9.75144100,22.21018600
35.29600143,121.02375793,8.70718479,51.32088851,51.32400131,9.75166797,22.20331954
35.39199829,120.83497619,8.71150398,51.31177902,51.34799957,9.75170040,22.21433639
35.48799896,120.26885223,8.70959377,51.35383605,51.37200164,9.75134849,22.20946502
35.58399963,118.42897796,0.00000000,51.39887619,51.39599990,9.75155639,0.00000000
35.68000030,116.75746917,0.00000000,51.43075180,51.41999816,9.75128364,0.00000000
35.77600097,114.22091674,0.00000000,51.49092864,51.44400024,9.75164604,0.00000000
35.87200164,111.64775848,0.00000000,51.46968460,51.46800231,9.75183200,0.00000000
35.96799850,109.73792266,8.71345138,51.44002532,51.49200057,9.75129604,22.21930122
36.06399917,107.32514953,8.70981311,51.49686431,51.51599884,9.75154685,22.21002197
36.15999984,105.91732025,8.71161937,51.50864410,51.54000091,9.75123119,22.21462821
36.25600051,104.16468811,8.71185111,51.53369903,51.56399917,9.75167560,22.21521949
36.35200119,102.57217407,8.71635627,51.52564239,51.58800125,9.75167083,22.22670745
36.44800186,101.73791503,8.71438884,51.57051086,51.61199951,9.75130462,22.22169303
36.54399871,100.29714202,8.71491622,51.59421157,51.63600158,9.75144863,22.22303771
36.63999938,99.83033752,8.71060943,51.65529251,51.65999984,9.75136756,22.21205329
36.73600006,99.03606414,0.00000000,51.68900680,51.68399810,9.75159931,0.00000000
36.83200073,98.12700653,0.00000000,51.71113204,51.70800018,9.75156307,0.00000000
36.92800140,97.96821594,8.71330833,51.70612335,51.73200225,9.75120353,22.21893692
37.02399826,96.99750518,8.71230983,51.74019622,51.75600051,9.75154209,22.21638870
37.11999893,97.09642028,8.71503257,51.74458312,51.77999877,9.75107002,22.22333335
37.21599960,96.70664215,8.71573352,51.76639556,51.80400085,9.75153350,22.22511863
37.31200027,96.13625335,8.71139430,51.82733535,51.82799911,9.75140285,22.21405601
37.40800094,96.14471435,0.00000000,51.87888336,51.85200119,9.75112915,0.00000000
37.50400161,95.91143798,8.71185779,51.86936950,51.87599945,9.75148963,22.21523857
37.59999847,95.95600128,0.00000000,51.91283416,51.90000152,9.75122547,0.00000000
37.69599914,95.57546997,8.71126747,51.92136764,51.92399978,9.75134372,22.21373176
37.79199981,95.15396118,8.71305179,51.93181228,51.94799804,9.75156021,22.21828269
37.88800048,95.37689208,8.71455860,51.94564056,51.97200012,9.75105667,22.22212600
37.98400115,95.23366546,0.00000000,52.00791549,51.99600219,9.75158977,0.00000000
38.08000183,94.84478759,0.00000000,52.05950927,52.02000045,9.75128841,0.00000000
38.17599868,95.02622222,8.71188259,52.03604888,52.04399871,9.75120353,22.21530151
38.27199935,94.57554626,8.71238613,52.05688476,52.06800079,9.75152492,22.21658515
38.36800003,94.99938201,0.00000000,52.11541748,52.09199905,9.75111103,0.00000000
38.46400070,94.82971954,8.71099948,52.11448669,52.11600112,9.75138378,22.21304893
38.56000137,94.45237731,8.71187400,52.13187026,52.13999938,9.75143146,22.21527862
38.65599822,94.77556610,8.71943855,52.09815597,52.16400146,9.75109767,22.23456764
38.75199890,94.74609375,8.71651268,52.15075302,52.18799972,9.75145816,22.22710609
38.84799957,94.40857696,0.00000000,52.24642944,52.21199798,9.75139808,0.00000000
38.94400024,94.57609558,8.71421051,52.21679306,52.23600006,9.75134372,22.22123718
39.04000091,94.23187255,0.00000000,52.26161575,52.26000213,9.75144386,0.00000000
39.13600158,94.65000915,8.71423912,52.26617050,52.28400039,9.75105857,22.22130966
39.23199844,94.52853393,0.00000000,52.31156539,52.30799865,9.75155162,0.00000000
39.32799911,94.19563293,8.71926116,52.27666091,52.33200073,9.75153160,22.23411560
39.42399978,94.51544952,8.71313858,52.35300064,52.35599899,9.75126552,22.21850395
39.52000045,94.11579132,8.71578025,52.35686492,52.38000106,9.75149250,22.22523880
39.61600112,94.47348022,8.71350288,52.40056610,52.40399932,9.75113964,22.21943092
39.71200180,94.13079833,8.71350574,52.42486190,52.42800140,9.75137138,22.21943855
39.80799865,94.46180725,0.00000000,52.46887207,52.45199966,9.75121974,0.00000000
39.90399932,94.03589630,0.00000000,52.48952102,52.47599792,9.75139141,0.00000000
40.00000000,94.47702789,8.71354293,52.49409866,52.50000000,9.75122642,22.21953392
40.09600067,94.01591491,0.00000000,52.53505706,52.52400207,9.75158214,0.00000000
40.19200134,94.35749816,8.71309089,52.54512023,52.54800033,9.75120925,22.21837997
40.28799819,94.02162933,8.71395969,52.56266784,52.57199859,9.75158119,22.22059822
40.38399887,94.27096557,8.71441173,52.58403015,52.59600067,9.75142765,22.22174835
40.47999954,94.06504058,8.71383190,52.61359405,52.61999893,9.75122737,22.22027015
40.57600021,94.28184509,8.71406650,52.63636398,52.64400100,9.75156593,22.22086906
40.67200088,94.31823730,0.00000000,52.67629623,52.66799926,9.75126552,0.00000000
40.76800155,94.01540374,8.71753692,52.65748596,52.69200134,9.75158405,22.22971916
40.86399841,94.35523986,8.71504497,52.70388412,52.71599960,9.75120353,22.22336387
40.95999908,94.16555023,0.00000000,52.74625015,52.73999786,9.75162315,0.00000000
41.05599975,94.32776641,8.71568393,52.74746704,52.76399993,9.75108814,22.22499465
41.15200042,94.27061462,0.00000000,52.80759429,52.78800201,9.75155448,0.00000000
41.24800109,94.32799530,0.00000000,52.83041000,52.81200027,9.75121498,0.00000000
41.34400177,94.18958282,8.71354961,52.83401107,52.83599853,9.75168991,22.21955108
41.43999862,93.95877838,8.71562385,52.84216690,52.86000061,9.75120925,22.22484016
41.53599929,94.14870452,8.71469974,52.87492370,52.88399887,9.75170803,22.22248458
41.63199996,93.92019653,8.71654033,52.88553237,52.90800094,9.75157833,22.22717666
41.72800064,94.26027679,8.71775341,52.90219879,52.93199920,9.75113391,22.23027038
41.82400131,93.83061218,8.72070121,52.90613174,52.95600128,9.75149726,22.23778724
41.91999816,94.21980285,8.71755218,52.95899200,52.97999954,9.75132179,22.22975921
42.01599884,94.21639251,8.71823024,52.97966003,53.00399780,9.75144100,22.23148727
42.11199951,93.92887115,8.71607398,53.02252960,53.02799987,9.75142002,22.22599029
42.20800018,94.14144134,0.00000000,53.05469131,53.05200195,9.75125980,0.00000000
42.30400085,93.81290435,0.00000000,53.10213851,53.07600021,9.75149726,0.00000000
42.40000152,94.26883697,8.71799659,53.07755661,53.09999847,9.75146102,22.23089218
42.49599838,94.12895965,0.00000000,53.14998626,53.12400054,9.75110530,0.00000000
42.59199905,93.76034545,8.71583747,53.14192962,53.14799880,9.75155639,22.22538566
42.68799972,94.22793579,0.00000000,53.17311477,53.17200088,9.75141239,0.00000000
42.78400039,94.11753082,8.71578788,53.19075775,53.19599914,9.75117206,22.22525787
42.88000106,93.90749359,8.71634006,53.21097564,53.22000122,9.75153923,22.22666549
42.97600173,93.93475341,8.72132873,53.19724273,53.24399948,9.75148963,22.23938751
43.07199859,94.08063507,8.71812248,53.25026702,53.26799774,9.75123119,22.23121261
43.16799926,94.11811828,0.00000000,53.29740142,53.29199981,9.75169754,0.00000000
43.26399993,93.83486175,0.00000000,53.31859588,53.31600189,9.75166606,0.00000000
43.36000061,94.05532073,8.71689224,53.33266448,53.34000015,9.75130271,22.22807502
43.45600128,94.09099578,8.71928119,53.33886337,53.36399841,9.75160217,22.23416709
43.55199813,93.76770782,8.71866607,53.36990356,53.38800048,9.75157546,22.23259735
43.64799880,94.11226654,0.00000000,53.42702865,53.41199874,9.75121688,0.00000000
43.74399948,94.05280303,8.71949863,53.41174697,53.43600082,9.75171756,22.23472213
43.84000015,93.77388763,8.72218036,53.41723251,53.45999908,9.75163459,22.24155998
43.93600082,94.08278656,0.00000000,53.49467086,53.48400115,9.75135898,0.00000000
44.03199768,94.09661865,8.71765899,53.50308609,53.50799942,9.75164890,22.23003005
44.12799835,93.77181243,8.71961021,53.51245498,53.53199768,9.75163459,22.23500633
44.22399902,94.06985473,8.72184467,53.52096557,53.55599975,9.75125217,22.24070358
44.31999969,94.00720977,8.72051429,53.55844497,53.58000183,9.75167942,22.23731040
44.41600036,93.74804687,8.72115421,53.57945251,53.60400009,9.75166511,22.23894309
44.51200103,94.07728576,0.00000000,53.64484786,53.62799835,9.75139617,0.00000000
44.60800170,93.98498535,0.00000000,53.65240859,53.65200042,9.75170040,0.00000000
44.70400238,93.71019744,8.71830844,53.67410278,53.67600250,9.75166511,22.23168754
44.80000305,94.06374359,0.00000000,53.71608734,53.70000076,9.75123691,0.00000000
44.89600372,94.03619384,8.71837615,53.72028350,53.72399902,9.75162506,22.23186111
44.99199676,93.71910095,0.00000000,53.75840759,53.74800109,9.75160980,0.00000000
45.08799743,93.94921112,8.72711944,53.70011520,53.77199935,9.75127696,22.25415420
45.18399810,94.03418731,8.72843837,53.72045135,53.79599761,9.75163650,22.25751876
45.27999877,93.73797607,8.72471427,53.78010559,53.81999969,9.75162124,22.24802017
45.37599945,93.97229766,8.72296905,53.82120895,53.84400177,9.75112152,22.24357223
45.47200012,93.77646636,8.72549247,53.82778930,53.86800003,9.75139617,22.25000572
45.56800079,94.13537597,8.72486114,53.86030960,53.89199829,9.75141716,22.24839782
45.66400146,93.96238708,8.72242069,53.90605926,53.91600036,9.75114440,22.24217224
45.76000213,93.62654113,8.72388076,53.91967391,53.94000244,9.75151062,22.24589729
45.85600280,94.06111907,8.72337341,53.94945144,53.96400070,9.75120353,22.24460029
45.95200347,93.92053985,0.00000000,53.99475097,53.98799896,9.75135421,0.00000000
46.04799652,93.73571777,0.00000000,54.05032730,54.01200103,9.75160408,0.00000000
46.14399719,94.11499023,8.72266769,54.02412414,54.03599929,9.75125122,22.24280357
46.23999786,93.86714172,0.00000000,54.07099914,54.05999755,9.75168609,0.00000000
46.33599853,93.70336151,0.00000000,54.08539962,54.08399963,9.75156879,0.00000000
46.43199920,94.08624267,8.72410202,54.08499526,54.10800170,9.75139141,22.24646186
46.52799987,93.93584442,8.72339057,54.11658477,54.13199996,9.75159740,22.24464607
46.62400054,93.65972137,8.72747707,54.11040878,54.15599822,9.75137805,22.25506591
46.72000122,93.97959899,8.72883892,54.12802886,54.18000030,9.75114154,22.25853919
46.81600189,93.84174346,8.72471714,54.18861007,54.20400238,9.75143527,22.24802780
46.91200256,93.90075683,8.72492027,54.21242904,54.22800064,9.75115585,22.24854660
47.00800323,93.95210266,8.72723770,54.21994018,54.25199890,9.75133895,22.25445556
47.10399627,93.65038299,8.72358798,54.27506256,54.27600097,9.75150680,22.24514961
47.19999694,94.14434814,0.00000000,54.30600738,54.29999923,9.75123882,0.00000000
47.29599761,94.02862548,0.00000000,54.32910919,54.32399749,9.75167274,0.00000000
47.39199829,93.72579956,8.72680664,54.32126617,54.34799957,9.75166893,22.25335693
47.48799896,94.06365203,8.72502136,54.36148834,54.37200164,9.75119590,22.24880599
47.58399963,94.06188201,0.00000000,54.43051147,54.39599990,9.75157260,0.00000000
47.68000030,93.78000640,8.72454833,54.41096115,54.41999816,9.75159740,22.24759674
47.77600097,94.08499145,8.72636318,54.42176055,54.44400024,9.75136184,22.25222587
47.87200164,93.98651123,8.72380733,54.46753692,54.46800231,9.75165939,22.24570846
47.96800231,93.81334686,8.72789287,54.46000289,54.49200057,9.75158405,22.25612831
48.06400299,94.12378692,8.72707939,54.49319076,54.51599884,9.75130462,22.25405311
48.16000366,94.02375030,8.72639942,54.52451705,54.54000091,9.75161933,22.25231933
48.25599670,93.74127960,8.72764492,54.54030227,54.56399917,9.75159740,22.25549507
48.35199737,94.09234619,0.00000000,54.58858108,54.58799743,9.75133419,0.00000000
48.44799804,93.89194488,8.72912216,54.57899856,54.61199951,9.75160789,22.25926017
48.54399871,93.76782989,0.00000000,54.65819931,54.63600158,9.75165748,0.00000000
48.63999938,94.05442810,0.00000000,54.67713165,54.65999984,9.75131130,0.00000000
48.73600006,93.72985839,8.72834968,54.65638732,54.68399810,9.75149154,22.25728988
48.83200073,93.97261810,0.00000000,54.72040176,54.70800018,9.75135421,0.00000000
48.92800140,94.08770751,8.73167705,54.68006134,54.73200225,9.75155353,22.26577568
49.02400207,93.70191955,8.73252391,54.70223617,54.75600051,9.75137519,22.26793479
49.12000274,94.18719482,8.73391151,54.72040176,54.77999877,9.75115299,22.27147293
49.21600341,94.11533355,8.72805976,54.79502868,54.80400085,9.75168323,22.25655364
49.31199645,93.75781250,8.73028755,54.80263519,54.82799911,9.75155544,22.26223182
49.40799713,94.17117309,8.72777748,54.84833908,54.85199737,9.75134563,22.25583076
49.50399780,94.03008270,8.73479938,54.81841659,54.87599945,9.75148963,22.27373695
49.59999847,93.76641082,0.00000000,54.90925598,54.90000152,9.75167846,0.00000000
49.69599914,94.21884155,8.73114013,54.89907455,54.92399978,9.75133895,22.26440811
49.79199981,94.01554107,8.73078155,54.92811203,54.94799804,9.75160026,22.26349258
49.88800048,93.71681213,0.00000000,54.99055480,54.97200012,9.75154209,0.00000000
49.98400115,94.18115997,0.00000000,54.99911499,54.99600219,9.75120162,0.00000000
50.08000183,94.02211761,0.00000000,55.04174423,55.02000045,9.75164413,0.00000000
50.17600250,93.68902587,8.72892379,55.03633117,55.04399871,9.75151634,22.25875473
50.27200317,94.11420440,8.73529529,55.01179885,55.06800079,9.75115299,22.27500343
50.36799621,93.98316192,8.73470497,55.04546356,55.09199905,9.75160408,22.27349853
50.46399688,93.73538208,8.73403453,55.07886505,55.11599731,9.75163841,22.27178955
50.55999755,94.09793090,8.73577117,55.09283828,55.13999938,9.75131416,22.27621650
50.65599822,93.91775512,8.73698329,55.11176681,55.16400146,9.75155639,22.27930641
50.75199890,93.66831207,8.74181652,55.10316085,55.18799972,9.75146484,22.29163360
50.84799957,93.99727630,8.73559188,55.18298339,55.21199798,9.75127315,22.27575874
50.94400024,93.94015502,0.00000000,55.25706100,55.23600006,9.75148868,0.00000000
51.04000091,93.62413787,0.00000000,55.28235626,55.26000213,9.75162315,0.00000000
51.13600158,93.69043731,8.73706531,55.24227905,55.28400039,9.75146198,22.27951812
51.23200225,94.03252410,8.73611736,55.27739715,55.30799865,9.75130653,22.27709960
51.32800292,93.98424530,8.73493671,55.31330108,55.33200073,9.75160026,22.27408981
51.42400360,93.66220092,8.73755359,55.31878662,55.35600280,9.75157260,22.28076171
51.51999664,94.02076721,0.00000000,55.38459014,55.37999725,9.75122737,0.00000000
51.61599731,93.94642639,8.73758983,55.36947250,55.40399932,9.75158405,22.28085327
51.71199798,93.66947937,8.73801040,55.39336395,55.42800140,9.75152015,22.28192710
51.80799865,93.96828460,8.73853015,55.41648864,55.45199966,9.75114440,22.28325271
51.90399932,93.86357116,8.73757362,55.45110702,55.47599792,9.75154876,22.28081321
52.00000000,93.65985107,8.73598384,55.48966217,55.50000000,9.75159740,22.27675819
52.09600067,93.94364166,8.73515033,55.52103805,55.52400207,9.75138854,22.27463340
52.19200134,93.50608825,8.73693752,55.53150177,55.54800033,9.75148200,22.27919006
52.28800201,93.97746276,0.00000000,55.57539749,55.57199859,9.75117874,0.00000000
52.38400268,93.80474853,0.00000000,55.62358093,55.59600067,9.75148677,0.00000000
52.48000335,93.81449127,0.00000000,55.62875366,55.62000274,9.75137138,0.00000000
52.57599639,93.88877105,8.73898124,55.60958480,55.64399719,9.75148963,22.28440284
52.67199707,93.71508026,8.74059772,55.62422561,55.66799926,9.75134944,22.28852462
52.76799774,93.85716247,8.73606491,55.68723678,55.69200134,9.75148010,22.27696609
52.86399841,93.62216949,8.73847675,55.69303131,55.71599960,9.75106811,22.28311538
52.95999908,93.80095672,8.73933410,55.71248626,55.73999786,9.75148677,22.28530311
53.05599975,93.55110168,8.74007129,55.73329925,55.76399993,9.75135040,22.28718185
53.15200042,93.82315826,8.73915290,55.76718139,55.78800201,9.75145816,22.28484153
53.24800109,93.58734893,8.73870086,55.79657745,55.81200027,9.75130176,22.28368759
53.34400177,93.83203125,0.00000000,55.84132766,55.83599853,9.75139808,0.00000000
53.44000244,93.92521667,0.00000000,55.87318038,55.86000061,9.75131988,0.00000000
53.53600311,93.80595397,0.00000000,55.90632247,55.88400268,9.75154495,0.00000000
53.63200378,93.90574645,0.00000000,55.91070938,55.90800094,9.75135135,0.00000000
53.72799682,93.82326507,8.73757266,55.92274856,55.93199920,9.75158977,22.28080940
53.82399749,93.91683197,8.74062061,55.92403411,55.95600128,9.75121498,22.28858375
53.91999816,93.43738555,0.00000000,55.98035049,55.97999954,9.75141429,0.00000000
54.01599884,93.88167572,8.74581241,55.93478775,56.00399780,9.75124454,22.30182266
54.11199951,93.52464294,8.74703121,55.95567321,56.02799987,9.75147819,22.30492782
54.20800018,93.85855102,8.74523258,56.00013732,56.05200195,9.75121688,22.30034446
54.30400085,93.48048400,8.74764728,56.01020050,56.07600021,9.75128650,22.30649948
54.40000152,93.84821319,8.74328899,56.07385635,56.09999847,9.75116825,22.29538726
54.49600219,93.53413391,8.74455165,56.09047698,56.12400054,9.75143718,22.29860687
54.59200286,93.82411956,8.74521255,56.11241149,56.14800262,9.75111675,22.30029296
54.68800354,93.52603912,8.74373054,56.15110397,56.17200088,9.75140571,22.29651260
54.78399658,93.74972534,8.74391651,56.17556762,56.19599914,9.75145530,22.29698753
54.87999725,93.72270202,8.74354267,56.20431900,56.22000122,9.75102710,22.29603385
54.97599792,93.77338409,8.74488735,56.21934127,56.24399948,9.75147438,22.29946327
55.07199859,93.87161254,8.74553585,56.24058532,56.26799774,9.75116252,22.30111503
55.16799926,93.42706298,0.00000000,56.29763793,56.29199981,9.75146484,0.00000000
55.26399993,93.81578826,0.00000000,56.32333755,56.31600189,9.75118160,0.00000000
55.36000061,93.46001434,8.74249935,56.33735656,56.34000015,9.75144958,22.29337310
55.45600128,93.69842529,8.74844074,56.31568527,56.36399841,9.75139904,22.30852508
55.55200195,93.45526885,0.00000000,56.38814163,56.38800048,9.75124168,0.00000000
55.64800262,93.73474121,8.74590778,56.38764190,56.41200256,9.75162315,22.30206489
55.74400329,93.82263183,8.74354267,56.43212890,56.43600082,9.75116252,22.29603385
55.83999633,93.46359252,8.74631404,56.43506240,56.45999908,9.75162887,22.30310058
55.93599700,93.84457397,0.00000000,56.48443984,56.48400115,9.75115013,0.00000000
56.03199768,93.44081878,0.00000000,56.51200103,56.50799942,9.75144290,0.00000000
56.12799835,93.84747314,8.74752998,56.49953079,56.53199768,9.75116825,22.30620193
56.22399902,93.38460540,8.75019836,56.50587081,56.55599975,9.75134658,22.31300544
56.31999969,93.83782196,8.75269603,56.51512145,56.58000183,9.75116062,22.31937599
56.41600036,93.39659118,8.74653053,56.59265518,56.60400009,9.75151729,22.30365371
56.51200103,93.80847930,8.75017070,56.58955764,56.62799835,9.75123119,22.31293487
56.60800170,93.78359222,8.75286197,56.59625625,56.65200042,9.75159549,22.31979942
56.70400238,93.58891296,8.74746322,56.66704177,56.67600250,9.75149917,22.30603218
56.80000305,93.75260162,8.74923610,56.67815399,56.70000076,9.75124931,22.31055259
56.89600372,93.50172424,8.75060749,56.69353103,56.72399902,9.75151252,22.31405067
56.99199676,93.86647796,8.74896621,56.73299026,56.74800109,9.75115776,22.30986404
57.08799743,93.67671203,8.75001430,56.75025177,56.77199935,9.75157070,22.31253814
57.18399810,93.48033905,0.00000000,56.83727264,56.79599761,9.75159168,0.00000000
57.27999877,93.81373596,0.00000000,56.84724044,56.81999969,9.75123786,0.00000000
57.37599945,93.75617980,8.74837589,56.83066940,56.84400177,9.75155162,22.30835723
57.47200012,93.44332122,8.74715137,56.86533737,56.86800003,9.75125217,22.30523681
57.56800079,93.80218505,0.00000000,56.90148162,56.89199829,9.75114727,0.00000000
57.66400146,93.76271057,8.74923133,56.89664077,56.91600036,9.75158023,22.31054115
57.76000213,93.46342468,8.74965286,56.91914749,56.94000244,9.75138092,22.31161499
57.85600280,93.71942901,0.00000000,56.99084091,56.96400070,9.75122928,0.00000000
57.95200347,93.55580902,8.75244331,56.94503784,56.98799896,9.75148391,22.31872940
58.04799652,93.47259521,8.75138664,56.98111343,57.01200103,9.75133037,22.31603622
58.14399719,93.77239990,0.00000000,57.05621337,57.03599929,9.75119209,0.00000000
58.23999786,93.70541381,8.75344467,57.01417922,57.05999755,9.75172710,22.32128524
58.33599853,93.49063873,8.75602912,57.02238082,57.08399963,9.75144863,22.32787322
58.43199920,93.91085052,8.75246334,57.07953262,57.10800170,9.75115299,22.31878280
58.52799987,93.71098327,8.75584602,57.07998275,57.13199996,9.75126934,22.32740783
58.62400054,93.39167785,8.75790309,57.09281158,57.15599822,9.75138854,22.33265113
58.72000122,93.46982574,0.00000000,57.18173980,57.18000030,9.75141239,0.00000000
58.81600189,93.81124114,8.75609683,57.16035461,57.20400238,9.75105667,22.32804679
58.91200256,93.76072692,8.75448036,57.20081329,57.22800064,9.75138092,22.32392501
59.00800323,93.33415222,0.00000000,57.26027679,57.25199890,9.75145530,0.00000000
59.10399627,93.46679687,8.75208950,57.26900100,57.27600097,9.75143909,22.31782913
59.19999694,93.84304809,8.75579071,57.26504516,57.29999923,9.75124168,22.32726669
59.29599761,93.71045684,0.00000000,57.33151626,57.32399749,9.75151443,0.00000000
59.39199829,93.36344909,8.75701808,57.30605316,57.34799957,9.75140476,22.33039665
59.48799896,93.79924011,8.76304912,57.28726577,57.37200164,9.75113582,22.34577369
59.58399963,93.74208831,8.75532722,57.37862777,57.39599990,9.75155639,22.32608413
59.68000030,93.39475250,8.75542545,57.40344619,57.41999816,9.75145530,22.32633399
59.77600097,93.39057922,8.75687503,57.41775131,57.44400024,9.75155162,22.33003234
59.87200164,93.71984863,8.75879287,57.42931365,57.46800231,9.75137519,22.33492279
59.96800231,93.72080993,8.75686264,57.47175216,57.49200057,9.75162220,22.32999992
60.06400299,93.43188476,0.00000000,57.52000808,57.51599884,9.75137519,0.00000000
60.16000366,93.79621887,8.75630569,57.52553939,57.54000091,9.75116443,22.32857894
60.25599670,93.63368225,0.00000000,57.57365417,57.56399917,9.75138568,0.00000000
60.35199737,93.40395355,8.76129531,57.53541183,57.58799743,9.75164413,22.34130287
60.44799804,93.81511688,8.76297092,57.55124282,57.61199951,9.75103282,22.34557723
60.54399871,93.66158294,8.76146697,57.59239196,57.63600158,9.75138568,22.34174156
60.63999938,93.36400604,8.75922393,57.63769149,57.65999984,9.75133228,22.33602142
60.73600006,93.80639648,8.76043224,57.65438079,57.68399810,9.75112438,22.33910179
60.83200073,93.68759155,8.76182556,57.67030715,57.70800018,9.75142002,22.34265518
60.92800140,93.40376281,8.75836467,57.72447586,57.73200225,9.75153160,22.33382987
61.02400207,93.77117156,8.76154041,57.72462081,57.75600051,9.75103473,22.34192848
61.12000274,93.64062500,8.75867843,57.77359008,57.77999877,9.75157356,22.33462905
61.21600341,93.43433380,0.00000000,57.82320785,57.80400085,9.75156021,0.00000000
61.31199645,93.81575775,8.76161003,57.79776763,57.82799911,9.75127506,22.34210586
61.40799713,93.63810729,0.00000000,57.85355758,57.85199737,9.75139141,0.00000000
61.50399780,93.35789489,8.76104736,57.85272216,57.87599945,9.75148200,22.34067153
61.59999847,93.84195709,8.75927543,57.89253997,57.90000152,9.75117206,22.33615303
61.69599914,93.70663452,8.76420021,57.87916183,57.92399978,9.75138473,22.34870910
61.79199981,93.36658477,0.00000000,57.95529174,57.94799804,9.75148010,0.00000000
61.88800048,93.76712036,8.76473140,57.92646408,57.97200012,9.75100040,22.35006523
61.98400115,93.73337554,8.76700973,57.93700408,57.99600219,9.75133609,22.35587501
62.08000183,93.38553619,8.76162528,58.00798034,58.02000045,9.75148391,22.34214401
62.17600250,93.78697967,8.76576709,58.00106811,58.04399871,9.75122642,22.35270500
62.27200317,93.71326446,0.00000000,58.06958770,58.06800079,9.75131607,0.00000000
62.36799621,93.41389465,8.76546478,58.05516433,58.09199905,9.75154304,22.35193634
62.46399688,93.79921722,8.76194477,58.10971450,58.11599731,9.75105667,22.34295845
62.55999755,93.68977355,8.76586437,58.10399246,58.13999938,9.75123310,22.35295486
62.65599822,93.36692047,8.76651668,58.12623596,58.16400146,9.75150108,22.35461616
62.75199890,93.80255889,8.76347827,58.17713928,58.18799972,9.75118637,22.34686851
62.84799957,93.72449493,0.00000000,58.24721145,58.21199798,9.75133991,0.00000000
62.94400024,93.40681457,8.76592350,58.20403289,58.23600006,9.75147628,22.35310363
63.04000091,93.81343078,8.76318454,58.25209808,58.26000213,9.75116825,22.34612083
63.13600158,93.73594665,8.76399612,58.27054977,58.28400039,9.75134372,22.34818840
63.23200225,93.43205261,0.00000000,58.31727981,58.30799865,9.75133609,0.00000000
63.32800292,93.87464904,0.00000000,58.33504486,58.33200073,9.75118160,0.00000000
63.42400360,93.68360900,8.76660060,58.32252502,58.35600280,9.75151062,22.35483169
63.51999664,93.41907501,8.76700973,58.34639358,58.37999725,9.75151252,22.35587501
63.61599731,93.86943054,8.76624488,58.37936401,58.40399932,9.75113296,22.35392570
63.71199798,93.78583526,8.77177906,58.36284255,58.42800140,9.75135707,22.36803817
63.80799865,93.42778778,8.76536178,58.44235610,58.45199966,9.75163841,22.35167312
63.90399932,93.49011230,8.76821708,58.44516754,58.47599792,9.75139617,22.35895347
64.00000000,93.82881164,8.76607608,58.48851394,58.50000000,9.75113582,22.35349464
64.09600067,93.81691741,8.77106094,58.47504425,58.52400207,9.75155544,22.36620521
64.19200134,93.50612640,8.76855564,58.52284622,58.54800033,9.75138092,22.35981750
64.28800201,93.79571533,8.76839542,58.55038452,58.57199859,9.75108242,22.35940742
64.38400268,93.75665283,8.76622962,58.59308242,58.59600067,9.75141143,22.35388565
64.48000335,93.53327941,0.00000000,58.64887237,58.62000274,9.75120353,0.00000000
64.57599639,93.77945709,0.00000000,58.65397644,58.64399719,9.75119876,0.00000000
64.67199707,93.44978332,8.76846504,58.64453506,58.66799926,9.75146484,22.35958671
64.76799774,93.92760467,0.00000000,58.70177841,58.69200134,9.75119972,0.00000000
64.86399841,93.87538146,8.77209186,58.66575241,58.71599960,9.75152873,22.36883354
64.95999908,93.63787078,0.00000000,58.76042938,58.73999786,9.75145530,0.00000000
65.05599975,94.22174072,8.76802539,58.74789047,58.76399993,9.75100421,22.35846328
65.15200042,94.39194488,8.77133560,58.74776840,58.78800201,9.75152492,22.36690521
65.24800109,94.52787017,8.77390289,58.75558853,58.81200027,9.75148677,22.37345123
65.34400177,95.43829345,8.77581501,58.76994323,58.83599853,9.75116729,22.37832832
65.44000244,96.26984405,8.77638053,58.79557418,58.86000061,9.75148677,22.37977027
65.53600311,97.33677673,8.77339267,58.84852600,58.88400268,9.75135421,22.37215042
65.63200378,99.54496765,8.77384281,58.87227249,58.90800094,9.75121116,22.37329864
65.72799682,101.80081939,8.77118587,58.92005157,58.93199920,9.75161552,22.36652374
65.82399749,104.74546813,8.77293205,58.93163681,58.95600128,9.75148963,22.37097740
65.91999816,108.87828063,8.77468395,58.94432067,58.97999954,9.75139904,22.37544250
66.01599884,113.05559539,8.77297878,58.98473358,59.00399780,9.75154209,22.37109565
66.11199951,118.52896881,8.77363681,59.00540542,59.02799987,9.75109004,22.37277412
66.20800018,123.72008514,0.00000000,59.06253051,59.05200195,9.75158405,0.00000000
66.30400085,128.85064697,8.77251434,59.06317520,59.07600021,9.75151538,22.36991310
66.40000152,134.47178649,8.77347087,59.08095932,59.09999847,9.75121116,22.37235069
66.49600219,138.82640075,0.00000000,59.12542343,59.12400054,9.75154113,0.00000000
66.59200286,143.03802490,8.77475547,59.12063217,59.14800262,9.75131607,22.37562751
66.68800354,145.58537292,8.77605724,59.13705825,59.17200088,9.75160408,22.37894630
66.78399658,147.71562194,0.00000000,59.21654891,59.19599914,9.75139141,0.00000000
66.87999725,147.95600891,8.77407264,59.20169448,59.22000122,9.75164604,22.37388610
66.97599792,147.53707885,8.77492237,59.22079086,59.24399948,9.75125980,22.37605285
67.07199859,145.68913269,8.77510929,59.24546813,59.26799774,9.75159549,22.37652778
67.16799926,143.29957580,8.77858066,59.24468231,59.29199981,9.75127792,22.38537979
67.26399993,139.63920593,8.77784442,59.27867889,59.31600189,9.75161266,22.38350296
67.36000061,136.38194274,8.77712821,59.31160736,59.34000015,9.75125694,22.38167762
67.45600128,132.49822998,8.77457427,59.35792922,59.36399841,9.75170993,22.37516403
67.55200195,128.79412841,8.77595424,59.37180709,59.38800048,9.75126361,22.37868499
67.64800262,124.86698913,0.00000000,59.41770172,59.41200256,9.75167083,0.00000000
67.74400329,121.46796417,0.00000000,59.44955444,59.43600082,9.75131416,0.00000000
67.83999633,117.77575683,0.00000000,59.46159362,59.45999908,9.75150871,0.00000000
67.93599700,115.32530212,8.77880477,59.44535827,59.48400115,9.75135421,22.38595199
68.03199768,112.33695983,8.77924633,59.46946334,59.50799942,9.75169944,22.38707733
68.12799835,110.37828063,8.78110408,59.48260116,59.53199768,9.75124549,22.39181709
68.22399902,108.07071685,8.78088951,59.51276016,59.55599975,9.75163364,22.39126777
68.31999969,106.56079864,8.78012657,59.54659271,59.58000183,9.75157356,22.38932228
68.41600036,104.86253356,8.78209400,59.55841827,59.60400009,9.75143909,22.39434051
68.51200103,103.81426239,8.78297805,59.57973098,59.62799835,9.75155925,22.39659500
68.60800170,102.61482238,8.78216552,59.61439895,59.65200042,9.75128459,22.39452171
68.70400238,101.78370666,8.78017616,59.65719223,59.67600250,9.75146293,22.38945007
68.80000305,101.06102752,8.78154373,59.67233276,59.70000076,9.75136947,22.39293670
68.89600372,100.20407867,8.78295421,59.68795013,59.72399902,9.75172424,22.39653205
68.99199676,99.28974914,8.78291511,59.71553421,59.74800109,9.75158786,22.39643287
69.08799743,99.00122070,8.78780555,59.70468521,59.77199935,9.75128078,22.40890502
69.18399810,98.24887084,8.78184223,59.78088378,59.79599761,9.75169944,22.39369773
69.27999877,98.24199676,8.78366470,59.79218673,59.81999969,9.75127887,22.39834403
69.37599945,97.76544189,8.78147220,59.83565139,59.84400177,9.75157546,22.39275550
69.47200012,97.18160247,8.78140068,59.86096954,59.86800003,9.75168514,22.39257049
69.56800079,97.30115509,8.78496837,59.85803604,59.89199829,9.75148010,22.40166854
69.66400146,97.20842742,8.78448677,59.88883972,59.91600036,9.75140094,22.40044212
69.76000213,96.67967224,0.00000000,59.96716308,59.94000244,9.75118255,0.00000000
69.85600280,96.58358001,0.00000000,59.98468399,59.96400070,9.75142192,0.00000000
69.95200347,96.30677032,0.00000000,60.02507400,59.98799896,9.75177860,0.00000000
70.04799652,95.88353729,0.00000000,60.01222229,60.01200103,9.75168037,0.00000000
70.14399719,96.10794067,8.78267669,60.01756286,60.03599929,9.75132560,22.39582443
70.23999786,95.86283874,8.78118515,60.05475616,60.05999755,9.75131130,22.39202117
70.33599853,95.77980804,8.78194904,60.07332992,60.08399963,9.75162029,22.39396858
70.43199920,95.39144897,8.78874015,60.04581451,60.10800170,9.75173950,22.41128921
70.52799987,95.65448760,8.78738307,60.08596420,60.13199996,9.75123977,22.40782737
70.62400054,95.37349700,8.78917884,60.10026931,60.15599822,9.75145149,22.41240501
70.72000122,95.03535461,8.79064750,60.11798477,60.18000030,9.75163078,22.41615295
70.81600189,95.28289794,8.79004383,60.15229415,60.20400238,9.75148010,22.41461181
70.91200256,95.26793670,8.79048919,60.17754364,60.22800064,9.75125789,22.41574859
71.00800323,95.15721893,8.79495811,60.17160415,60.25199890,9.75159358,22.42714309
71.10399627,94.76286315,8.78972530,60.24334716,60.27600097,9.75158405,22.41379928
71.19999694,94.87467956,8.79459476,60.23268890,60.29999923,9.75145435,22.42621612
71.29599761,95.07642364,8.78872299,60.30817031,60.32399749,9.75126552,22.41124343
71.39199829,94.86351013,8.78901290,60.33137130,60.34799957,9.75165653,22.41198158
71.48799896,94.47183227,8.78797340,60.36491394,60.37200164,9.75169563,22.40933227
71.58399963,94.56082153,8.79009151,60.37318801,60.39599990,9.75146865,22.41473388
71.68000030,94.86347198,0.00000000,60.43088531,60.41999816,9.75131797,0.00000000
71.77600097,94.64319610,8.79538536,60.38136672,60.44400024,9.75151252,22.42823219
71.87200164,94.27008056,8.78981494,60.45410919,60.46800231,9.75136375,22.41402816
71.96800231,94.37756347,8.78888797,60.48653411,60.49200057,9.75127696,22.41166496
72.06400299,94.68320465,8.78981685,60.50384140,60.51599884,9.75126743,22.41403388
72.16000366,94.49364471,8.79022789,60.52577590,60.54000091,9.75154972,22.41508102
72.25599670,94.20082092,0.00000000,60.57324600,60.56399917,9.75163459,0.00000000
72.35199737,94.68830871,8.78891086,60.58440399,60.58799743,9.75137805,22.41172218
72.44799804,94.50656127,8.78977298,60.60206985,60.61199951,9.75127887,22.41392135
72.54399871,94.49063110,8.79008579,60.62455368,60.63600158,9.75157833,22.41472053
72.63999938,94.08883666,8.79137039,60.63966751,60.65999984,9.75148677,22.41799545
72.73600006,94.44432067,0.00000000,60.68639755,60.68399810,9.75127983,0.00000000
72.83200073,94.37773895,8.79280853,60.67819595,60.70800018,9.75148010,22.42166137
72.92800140,93.94733428,0.00000000,60.73892211,60.73200225,9.75159931,0.00000000
73.02400207,94.00412750,8.79258251,60.73000717,60.75600051,9.75167083,22.42108726
73.12000274,94.37540435,8.79159832,60.76398086,60.77999877,9.75137805,22.41857528
73.21600341,94.15157318,8.79432868,60.76834487,60.80400085,9.75152969,22.42553710
73.31199645,93.94593811,8.79596519,60.78293609,60.82799911,9.75175380,22.42971229
73.40799713,94.33068847,8.79452705,60.82215499,60.85199737,9.75143623,22.42604255
73.50399780,94.16677856,8.79524993,60.84327697,60.87599945,9.75178623,22.42788696
73.59999847,93.87631988,8.79929637,60.83898544,60.90000152,9.75164985,22.43820571
73.69599914,94.11853027,8.79611682,60.89310836,60.92399978,9.75135707,22.43009757
73.79199981,94.15421295,8.79438018,60.93333053,60.94799804,9.75142002,22.42566871
73.88800048,93.85126495,8.79516029,60.95264053,60.97200012,9.75164031,22.42765808
73.98400115,93.88290405,8.79460334,60.98270416,60.99600219,9.75174617,22.42623901
74.08000183,94.18419647,8.79423904,61.01071929,61.02000045,9.75132179,22.42531013
74.17600250,94.05114746,8.79484748,61.03086471,61.04399871,9.75161266,22.42686080
74.27200317,93.77339172,0.00000000,61.07225418,61.06800079,9.75166130,0.00000000
74.36799621,94.17810821,0.00000000,61.10906600,61.09199905,9.75141143,0.00000000
74.46399688,94.11587524,8.79764652,61.08048248,61.11599731,9.75157833,22.43399810
74.55999755,93.76852416,0.00000000,61.14020538,61.13999938,9.75168323,0.00000000
74.65599822,94.10318756,8.79622650,61.14266204,61.16400146,9.75138473,22.43037796
74.75199890,94.01503753,8.79825401,61.15293502,61.18799972,9.75168991,22.43554687
74.84799957,93.75357818,8.79680538,61.19132232,61.21199798,9.75165557,22.43185234
74.94400024,94.06536865,8.79905796,61.19978713,61.23600006,9.75126552,22.43759918
75.04000091,93.94023132,8.79625129,61.24877929,61.26000213,9.75165271,22.43043899
75.13600158,93.72579956,8.79860591,61.25559997,61.28400039,9.75162887,22.43644523
75.23200225,94.14591217,8.80132007,61.26120376,61.30799865,9.75120639,22.44336700
75.32800292,93.98422241,0.00000000,61.36348342,61.33200073,9.75132560,0.00000000
75.42400360,93.83774566,0.00000000,61.36086273,61.35600280,9.75164413,0.00000000
75.51999664,93.69766998,8.79985618,61.34545898,61.37999725,9.75135040,22.43963241
75.61599731,94.10682678,8.79838848,61.38394165,61.40399932,9.75115585,22.43589019
75.71199798,93.95056152,8.79782104,61.41414642,61.42800140,9.75142574,22.43444442
75.80799865,93.65749359,8.80072593,61.41696166,61.45199966,9.75164413,22.44185066
75.90399932,94.11638641,8.80269432,61.42892837,61.47599792,9.75131988,22.44687080
76.00000000,93.95413208,8.79825210,61.49153900,61.50000000,9.75148010,22.43554306
76.09600067,93.70549774,8.80241680,61.48412322,61.52400207,9.75151252,22.44616317
76.19200134,94.15232086,8.80527019,61.48970413,61.54800033,9.75123691,22.45343780
76.28800201,93.97274017,8.80263137,61.53939056,61.57199859,9.75130653,22.44671058
76.38400268,93.75627899,8.80329227,61.56125259,61.59600067,9.75177860,22.44839477
76.48000335,94.06202697,8.80189514,61.59920883,61.62000274,9.75158596,22.44483375
76.57599639,94.06465911,8.80360126,61.61191558,61.64399719,9.75125122,22.44918251
76.67199707,93.97119140,8.80638408,61.61732864,61.66799926,9.75174808,22.45627975
76.76799774,94.25807952,8.80508518,61.65597534,61.69200134,9.75148296,22.45296669
76.86399841,94.13474273,8.80750465,61.66455841,61.71599960,9.75110149,22.45913505
76.95999908,93.77268218,8.80438995,61.71729660,61.73999786,9.75141716,22.45119476
77.05599975,94.24076843,8.80208301,61.76118850,61.76399993,9.75115299,22.44531250
77.15200042,94.15924072,8.80683898,61.74869537,61.78800201,9.75175857,22.45743942
77.24800109,94.17067718,8.80344676,61.80248260,61.81200027,9.75153160,22.44878959
77.34400177,94.45996856,8.80471515,61.81755065,61.83599853,9.75083160,22.45202445
77.44000244,93.86026763,8.80501747,61.84089279,61.86000061,9.75158023,22.45279312
77.53600311,94.35261535,0.00000000,61.89809036,61.88400268,9.75137329,0.00000000
77.63200378,94.20112609,8.80784130,61.86752319,61.90800094,9.75164222,22.45999717
77.72799682,94.44476318,8.80504894,61.91678237,61.93199920,9.75129318,22.45287513
77.82399749,94.19956970,8.80560970,61.93783569,61.95600128,9.75166511,22.45430374
77.91999816,94.45037841,0.00000000,62.00192260,61.97999954,9.75132560,0.00000000
78.01599884,94.43795776,0.00000000,62.00819015,62.00399780,9.75159740,0.00000000
78.11199951,94.53787994,8.80498027,62.01396179,62.02799987,9.75127124,22.45270156
78.20800018,94.38473510,8.80463600,62.04190444,62.05200195,9.75165748,22.45182228
78.30400085,94.50106811,8.81004142,62.02504730,62.07600021,9.75150108,22.46560668
78.40000152,94.10327911,8.80853652,62.06531524,62.09999847,9.75164699,22.46176719
78.49600219,94.59015655,8.80639362,62.10902023,62.12400054,9.75117969,22.45630455
78.59200286,94.16780090,8.80807304,62.12141799,62.14800262,9.75157356,22.46058464
78.68800354,94.46582031,8.81020355,62.13135910,62.17200088,9.75137805,22.46601867
78.78399658,94.23254394,8.81256008,62.14084625,62.19599914,9.75156879,22.47202873
78.87999725,94.50379943,8.81020927,62.18803024,62.22000122,9.75168037,22.46603393
78.97599792,94.62842559,8.81523132,62.17613220,62.24399948,9.75133132,22.47883987
79.07199859,94.13288879,8.81268978,62.22594070,62.26799774,9.75179481,22.47235870
79.16799926,94.60927581,8.81232261,62.25659942,62.29199981,9.75133228,22.47142219
79.26399993,94.23188781,8.81635665,62.25264358,62.31600189,9.75170993,22.48171043
79.36000061,94.60981750,8.81358432,62.30382919,62.34000015,9.75140762,22.47463989
79.45600128,94.21453094,8.81615257,62.31126785,62.36399841,9.75161266,22.48118972
79.55200195,94.64487457,8.81314945,62.36326980,62.38800048,9.75131607,22.47353172
79.64800262,94.57059478,0.00000000,62.41521835,62.41200256,9.75163459,0.00000000
79.74400329,94.28032684,0.00000000,62.46116256,62.43600082,9.75158977,0.00000000
79.83999633,94.54608154,8.81241416,62.44061279,62.45999908,9.75154209,22.47165679
79.93599700,94.22502136,8.81181144,62.47103500,62.48400115,9.75168704,22.47011947
80.03199768,94.71248626,8.81635284,62.46111679,62.50799942,9.75130844,22.48170089
80.12799835,94.48818206,8.81303596,62.51502227,62.53199768,9.75170803,22.47323989
80.22399902,94.22862243,8.81427764,62.53097152,62.55599975,9.75167560,22.47640800
80.31999969,94.66925048,8.81702423,62.53602600,62.58000183,9.75122451,22.48340988
80.41600036,94.54955291,8.81235218,62.60011291,62.60400009,9.75160980,22.47149848
80.51200103,94.25117492,8.81232357,62.62469482,62.62799835,9.75161552,22.47142601
80.60800170,94.60490417,8.81413555,62.63499450,62.65200042,9.75120639,22.47604560
80.70400238,94.50265502,8.81871604,62.62514877,62.67600250,9.75164031,22.48772621
80.80000305,94.20263671,8.81594085,62.67521667,62.70000076,9.75168323,22.48064994
80.89600372,94.21974945,8.81802749,62.68534851,62.72399902,9.75158596,22.48596954
80.99199676,94.50286865,8.81887245,62.70632934,62.74800109,9.75113391,22.48812484
81.08799743,94.49076843,0.00000000,62.77537536,62.77199935,9.75155067,0.00000000
81.18399810,94.20366668,0.00000000,62.79800033,62.79599761,9.75152301,0.00000000
81.27999877,94.61431121,8.81877517,62.78238296,62.81999969,9.75131988,22.48787689
81.37599945,94.44963073,8.81482982,62.84029769,62.84400177,9.75134277,22.47781562
81.47200012,94.47766876,8.81593322,62.85610198,62.86800003,9.75170803,22.48062896
81.56800079,94.20742034,8.81840991,62.86204147,62.89199829,9.75160884,22.48694610
81.66400146,94.62476348,8.82039070,62.87345886,62.91600036,9.75118637,22.49199676
81.76000213,94.38707733,8.81945514,62.90855407,62.94000244,9.75122451,22.48961067
81.85600280,94.47895812,8.81872367,62.94107437,62.96400070,9.75158023,22.48774337
81.95200347,94.16797637,0.00000000,62.99552917,62.98799896,9.75154209,0.00000000
82.04799652,94.55455780,8.81715774,63.00256347,63.01200103,9.75125789,22.48375320
82.14399719,94.41326904,8.82240486,62.98687744,63.03599929,9.75105094,22.49713325
82.23999786,94.03367614,8.81979751,63.03548812,63.05999755,9.75160026,22.49048423
82.33599853,94.10904693,8.81981372,63.06159591,63.08399963,9.75147628,22.49052429
82.43199920,94.50201416,8.82089996,63.07923889,63.10800170,9.75130844,22.49329376
82.52799987,94.33011627,8.82156944,63.10067367,63.13199996,9.75143623,22.49500274
82.62400054,94.07203674,8.82125759,63.12992858,63.15599822,9.75149154,22.49420547
82.72000122,94.09717559,0.00000000,63.18595504,63.18000030,9.75162696,0.00000000
82.81600189,94.44852447,8.82519149,63.14935684,63.20400238,9.75115299,22.50424003
82.91200256,94.31177520,8.82395553,63.18788528,63.22800064,9.75165748,22.50108528
83.00800323,94.00743865,8.82144069,63.23495101,63.25199890,9.75158214,22.49467277
83.10399627,94.07270812,8.82521724,63.23132705,63.27600097,9.75119209,22.50430297
83.19999694,94.40596771,8.82787990,63.23881149,63.29999923,9.75126934,22.51109313
83.29599761,94.37261199,8.82195186,63.31417846,63.32399749,9.75155735,22.49597740
83.39199829,94.02994537,8.82375431,63.32514572,63.34799957,9.75151062,22.50057411
83.48799896,94.43553161,0.00000000,63.37382888,63.37200164,9.75144863,0.00000000
83.58399963,94.29959869,8.82421302,63.37151718,63.39599990,9.75133991,22.50174331
83.68000030,94.04135131,8.82736682,63.37337493,63.41999816,9.75151538,22.50978469
83.77600097,94.40291595,8.82580757,63.41366958,63.44400024,9.75111293,22.50580787
83.87200164,94.27344512,0.00000000,63.49551773,63.46800231,9.75116729,0.00000000
83.96800231,94.34376525,8.82906818,63.43672561,63.49200057,9.75160980,22.51412391
84.06400299,94.05481719,8.82643508,63.48609924,63.51599884,9.75156307,22.50740814
84.16000366,94.31568145,8.82778739,63.50236129,63.54000091,9.75129318,22.51085853
84.25599670,94.24790954,8.83327102,63.48741149,63.56399917,9.75154495,22.52484130
84.35199737,93.92218017,8.83294200,63.52090835,63.58799743,9.75153160,22.52400207
84.44799804,93.96166992,8.83035182,63.57102584,63.61199951,9.75146293,22.51739692
84.54399871,94.27880096,8.83124923,63.59181594,63.63600158,9.75115776,22.51968574
84.63999938,94.13526153,8.83264732,63.60902786,63.65999984,9.75152873,22.52325057
84.73600006,93.91897583,8.83357620,63.63048553,63.68399810,9.75146198,22.52561950
84.83200073,94.35083007,8.82972717,63.68909072,63.70800018,9.75133323,22.51580429
84.92800140,94.19248962,8.83594036,63.66679763,63.73200225,9.75161933,22.53164863
85.02400207,93.85388946,8.83642864,63.69295120,63.75600051,9.75154495,22.53289413
85.12000274,93.91584014,8.83193683,63.75739669,63.77999877,9.75145816,22.52143859
85.21600341,94.23591613,8.83613300,63.75102996,63.80400085,9.75117397,22.53213882
85.31199645,94.19999694,8.83289432,63.80486679,63.82799911,9.75153923,22.52388000
85.40799713,93.89273834,8.83672904,63.80133819,63.85199737,9.75142288,22.53365898
85.50399780,94.22160339,8.83904361,63.81206512,63.87599945,9.75136947,22.53956031
85.59999847,94.16999053,8.83746242,63.85409927,63.90000152,9.75142002,22.53552818
85.69599914,94.13327789,8.84019660,63.86113357,63.92399978,9.75165367,22.54250144
85.79199981,94.41876220,8.83823871,63.90597915,63.94799804,9.75097084,22.53750801
85.88800048,94.11527252,8.83545684,63.95528411,63.97200012,9.75163841,22.53041648
85.98400115,93.86420440,8.83670330,63.97118759,63.99600219,9.75153923,22.53359222
86.08000183,94.20573425,8.84122276,63.96250915,64.02000427,9.75136756,22.54511833
86.17600250,94.06823730,8.83746433,64.02077484,64.04399871,9.75151443,22.53553390
86.27200317,93.78783416,8.83916187,64.03377532,64.06800079,9.75160026,22.53986167
86.36799621,94.23793029,8.84063529,64.04948425,64.09199523,9.75121116,22.54362106
86.46399688,94.11795806,8.84168338,64.06925201,64.11599731,9.75170326,22.54629325
86.55999755,93.79690551,8.83685970,64.13478851,64.13999938,9.75162029,22.53399085
86.65599822,94.19978332,8.83943939,64.13932037,64.16400146,9.75125408,22.54057121
86.75199890,94.12339019,8.83857154,64.17227172,64.18800354,9.75139713,22.53835678
86.84799957,93.80838012,0.00000000,64.22224426,64.21199798,9.75171756,0.00000000
86.94400024,93.87394714,8.83707237,64.23235321,64.23600006,9.75121688,22.53453445
87.04000091,94.06952667,0.00000000,64.26319885,64.26000213,9.75123214,0.00000000
87.13600158,93.73769378,8.83921623,64.26382446,64.28399658,9.75173664,22.54000091
87.23200225,94.07876586,8.84123039,64.27410125,64.30799865,9.75135707,22.54513740
87.32800292,94.05982208,8.84019088,64.30921936,64.33200073,9.75149726,22.54248619
87.42400360,93.72103881,8.83998298,64.33689880,64.35600280,9.75155162,22.54195594
87.51999664,94.17812347,8.84214973,64.34588623,64.37999725,9.75125885,22.54748153
87.61599731,94.08547210,8.84501266,64.35086822,64.40399932,9.75151729,22.55478286
87.71199798,93.80843353,8.84121227,64.40906524,64.42800140,9.75160884,22.54509162
87.80799865,94.11991882,8.84141063,64.43324279,64.45199584,9.75129413,22.54559898
87.90399932,93.75852203,8.83979320,64.47145843,64.47599792,9.75156116,22.54147148
88.00000000,94.17702484,8.84621620,64.44623565,64.50000000,9.75125598,22.55785179
88.09600067,94.07131958,8.84125423,64.51347351,64.52400207,9.75159358,22.54519653
88.19200134,93.80482482,8.84705448,64.49360656,64.54800415,9.75155639,22.55998802
88.28800201,94.12304687,8.84149360,64.56551361,64.57199859,9.75137519,22.54580879
88.38400268,93.85526275,0.00000000,64.61143493,64.59600067,9.75157260,0.00000000
88.48000335,94.16454315,8.84260272,64.60414123,64.62000274,9.75119400,22.54863548
88.57599639,93.84164428,0.00000000,64.65282440,64.64399719,9.75162887,0.00000000
88.67199707,94.18986511,0.00000000,64.68567657,64.66799926,9.75123119,0.00000000
88.76799774,93.88193511,8.84394264,64.66481781,64.69200134,9.75165939,22.55205345
88.86399841,94.26605224,8.84553909,64.67895507,64.71600341,9.75114631,22.55612373
88.95999908,93.87926483,8.84917736,64.67819213,64.73999786,9.75146675,22.56540298
89.05599975,94.29446411,8.84901809,64.70904541,64.76399993,9.75124645,22.56499671
89.15200042,93.97158050,8.84753799,64.74948120,64.78800201,9.75148868,22.56122207
89.24800109,94.27358245,8.85468673,64.72172546,64.81199645,9.75126361,22.57945251
89.34400177,93.99367523,8.85157775,64.77796936,64.83599853,9.75153350,22.57152175
89.44000244,94.24936676,8.84861183,64.83016204,64.86000061,9.75160217,22.56396102
89.53600311,94.04943847,8.85665988,64.79468536,64.88400268,9.75143146,22.58448410
89.63200378,94.30904388,8.85195636,64.86315917,64.90800476,9.75167179,22.57248878
89.72799682,94.42970275,8.85576534,64.86180114,64.93199920,9.75122547,22.58220100
89.82399749,94.01731109,8.85045909,64.93318176,64.95600128,9.75157546,22.56867027
89.91999816,94.40972137,8.85521888,64.92247772,64.97999572,9.75113868,22.58080673
90.01599884,94.08630371,8.85750102,64.93406677,65.00399780,9.75160217,22.58662796
90.11199951,94.36049652,8.85253143,65.00282287,65.02799987,9.75155639,22.57395553